0.001000000 0.27138931385 -2.0 0.0 1.0 0.0 0.0 0.0
0.002000000 0.269958309877 -2.0 0.0 1.0 0.0 0.0 0.0
0.003000000 0.268523142138 -2.0 0.0 1.0 0.0 0.0 0.0
0.003509633 0.267790149555 -2.0 0.0 1.0 0.0 0.0 0.0
0.004000000 0.267083869501 -2.0 0.0 1.0 0.0 0.0 0.0
0.005000000 0.265640550653 -2.0 0.0 1.0 0.0 0.0 0.0
0.006000000 0.264193244097 -2.0 0.0 1.0 0.0 0.0 0.0
0.006983509 0.262765970837 -2.0 0.0 1.0 0.0 0.0 0.0
0.007000000 0.262742008149 -2.0 0.0 1.0 0.0 0.0 0.0
0.008000000 0.261286900944 -2.0 0.0 1.0 0.0 0.0 0.0
0.009000000 0.25982798043 -2.0 0.0 1.0 0.0 0.0 0.0
0.010000000 0.258365304374 -2.0 0.0 1.0 0.0 0.0 0.0
0.010424387 0.257743441614 -2.0 0.0 1.0 0.0 0.0 0.0
0.011000000 0.256898930355 -2.0 0.0 1.0 0.0 0.0 0.0
0.012000000 0.255428915772 -2.0 0.0 1.0 0.0 0.0 0.0
0.013000000 0.253955317836 -2.0 0.0 1.0 0.0 0.0 0.0
0.013834798 0.25272245712 -2.0 0.0 1.0 0.0 0.0 0.0
0.014000000 0.252478193576 -2.0 0.0 1.0 0.0 0.0 0.0
0.015000000 0.250997599836 -2.0 0.0 1.0 0.0 0.0 0.0
0.016000000 0.249513593278 -2.0 0.0 1.0 0.0 0.0 0.0
0.017000000 0.248026230375 -2.0 0.0 1.0 0.0 0.0 0.0
0.017217074 0.247702924116 -2.0 0.0 1.0 0.0 0.0 0.0
0.018000000 0.246535567421 -2.0 0.0 1.0 0.0 0.0 0.0
0.019000000 0.245041660523 -2.0 0.0 1.0 0.0 0.0 0.0
0.020000000 0.243544565604 -2.0 0.0 1.0 0.0 0.0 0.0
0.020573370 0.242684759027 -2.0 0.0 1.0 0.0 0.0 0.0
0.021000000 0.242044338404 -2.0 0.0 1.0 0.0 0.0 0.0
0.022000000 0.240541034477 -2.0 0.0 1.0 0.0 0.0 0.0
0.023000000 0.239034709194 -2.0 0.0 1.0 0.0 0.0 0.0
0.023905687 0.237667887862 -2.0 0.0 1.0 0.0 0.0 0.0
0.024000000 0.237525417742 -2.0 0.0 1.0 0.0 0.0 0.0
0.025000000 0.236013215124 -2.0 0.0 1.0 0.0 0.0 0.0
0.026000000 0.234498156158 -2.0 0.0 1.0 0.0 0.0 0.0
0.027000000 0.232980295478 -2.0 0.0 1.0 0.0 0.0 0.0
0.027215890 0.232652241754 -2.0 0.0 1.0 0.0 0.0 0.0
0.028000000 0.231459687533 -2.0 0.0 1.0 0.0 0.0 0.0
0.029000000 0.22993638659 -2.0 0.0 1.0 0.0 0.0 0.0
0.030000000 0.228410446731 -2.0 0.0 1.0 0.0 0.0 0.0
0.030505719 0.227637760981 -2.0 0.0 1.0 0.0 0.0 0.0
0.031000000 0.226881921852 -2.0 0.0 1.0 0.0 0.0 0.0
0.032000000 0.225350865667 -2.0 0.0 1.0 0.0 0.0 0.0
0.033000000 0.223817331705 -2.0 0.0 1.0 0.0 0.0 0.0
0.033776810 0.222624389863 -2.0 0.0 1.0 0.0 0.0 0.0
0.034000000 0.22228137331 -2.0 0.0 1.0 0.0 0.0 0.0
0.035000000 0.220743043644 -2.0 0.0 1.0 0.0 0.0 0.0
0.036000000 0.219202395683 -2.0 0.0 1.0 0.0 0.0 0.0
0.037000000 0.217659482219 -2.0 0.0 1.0 0.0 0.0 0.0
0.037030700 0.21761207852 -2.0 0.0 1.0 0.0 0.0 0.0
0.038000000 0.21611435586 -2.0 0.0 1.0 0.0 0.0 0.0
0.039000000 0.214567069031 -2.0 0.0 1.0 0.0 0.0 0.0
0.040000000 0.21301767397 -2.0 0.0 1.0 0.0 0.0 0.0
0.040268839 0.21260078242 -2.0 0.0 1.0 0.0 0.0 0.0
0.041000000 0.211466222734 -2.0 0.0 1.0 0.0 0.0 0.0
0.042000000 0.209912767194 -2.0 0.0 1.0 0.0 0.0 0.0
0.043000000 0.208357359037 -2.0 0.0 1.0 0.0 0.0 0.0
0.043492601 0.207590460477 -2.0 0.0 1.0 0.0 0.0 0.0
0.044000000 0.206800049767 -2.0 0.0 1.0 0.0 0.0 0.0
0.045000000 0.205240890701 -2.0 0.0 1.0 0.0 0.0 0.0
0.046000000 0.203679932975 -2.0 0.0 1.0 0.0 0.0 0.0
0.046703291 0.202581075398 -2.0 0.0 1.0 0.0 0.0 0.0
0.047000000 0.20211722754 -2.0 0.0 1.0 0.0 0.0 0.0
0.048000000 0.20055282516 -2.0 0.0 1.0 0.0 0.0 0.0
0.049000000 0.19898677642 -2.0 0.0 1.0 0.0 0.0 0.0
0.049902151 0.197572592766 -2.0 0.0 1.0 0.0 0.0 0.0
0.050000000 0.197419131716 -2.0 0.0 1.0 0.0 0.0 0.0
0.051000000 0.195849941262 -2.0 0.0 1.0 0.0 0.0 0.0
0.052000000 0.194279255088 -2.0 0.0 1.0 0.0 0.0 0.0
0.053000000 0.192707123039 -2.0 0.0 1.0 0.0 0.0 0.0
0.053090368 0.192564982701 -2.0 0.0 1.0 0.0 0.0 0.0
0.054000000 0.191133594776 -2.0 0.0 1.0 0.0 0.0 0.0
0.055000000 0.189558719777 -2.0 0.0 1.0 0.0 0.0 0.0
0.056000000 0.187982547335 -2.0 0.0 1.0 0.0 0.0 0.0
0.056269079 0.187558216886 -2.0 0.0 1.0 0.0 0.0 0.0
0.057000000 0.186405126557 -2.0 0.0 1.0 0.0 0.0 0.0
0.058000000 0.184826506369 -2.0 0.0 1.0 0.0 0.0 0.0
0.059000000 0.18324673551 -2.0 0.0 1.0 0.0 0.0 0.0
0.059439376 0.182552269768 -2.0 0.0 1.0 0.0 0.0 0.0
0.060000000 0.181665862537 -2.0 0.0 1.0 0.0 0.0 0.0
0.061000000 0.180083935822 -2.0 0.0 1.0 0.0 0.0 0.0
0.062000000 0.178501003553 -2.0 0.0 1.0 0.0 0.0 0.0
0.062602312 0.177547118522 -2.0 0.0 1.0 0.0 0.0 0.0
0.063000000 0.176917113732 -2.0 0.0 1.0 0.0 0.0 0.0
0.064000000 0.17533231418 -2.0 0.0 1.0 0.0 0.0 0.0
0.065000000 0.173746652531 -2.0 0.0 1.0 0.0 0.0 0.0
0.065758903 0.172542742595 -2.0 0.0 1.0 0.0 0.0 0.0
0.066000000 0.172160176238 -2.0 0.0 1.0 0.0 0.0 0.0
0.067000000 0.170572932565 -2.0 0.0 1.0 0.0 0.0 0.0
0.068000000 0.168984968597 -2.0 0.0 1.0 0.0 0.0 0.0
0.068910133 0.167539122264 -2.0 0.0 1.0 0.0 0.0 0.0
0.069000000 0.167396331231 -2.0 0.0 1.0 0.0 0.0 0.0
0.070000000 0.165807067183 -2.0 0.0 1.0 0.0 0.0 0.0
0.071000000 0.164217222981 -2.0 0.0 1.0 0.0 0.0 0.0
0.072000000 0.162626844972 -2.0 0.0 1.0 0.0 0.0 0.0
0.072056960 0.162536241247 -2.0 0.0 1.0 0.0 0.0 0.0
0.073000000 0.161035979318 -2.0 0.0 1.0 0.0 0.0 0.0
0.074000000 0.159444671996 -2.0 0.0 1.0 0.0 0.0 0.0
0.075000000 0.1578529688 -2.0 0.0 1.0 0.0 0.0 0.0
0.075200314 0.157534083664 -2.0 0.0 1.0 0.0 0.0 0.0
0.076000000 0.156260915338 -2.0 0.0 1.0 0.0 0.0 0.0
0.077000000 0.154668557036 -2.0 0.0 1.0 0.0 0.0 0.0
0.078000000 0.153075939135 -2.0 0.0 1.0 0.0 0.0 0.0
0.078341106 0.152532636006 -2.0 0.0 1.0 0.0 0.0 0.0
0.079000000 0.151483106691 -2.0 0.0 1.0 0.0 0.0 0.0
0.080000000 0.149890104577 -2.0 0.0 1.0 0.0 0.0 0.0
0.081000000 0.14829697748 -2.0 0.0 1.0 0.0 0.0 0.0
0.081480225 0.147531886194 -2.0 0.0 1.0 0.0 0.0 0.0
0.082000000 0.146703769906 -2.0 0.0 1.0 0.0 0.0 0.0
0.083000000 0.145110526174 -2.0 0.0 1.0 0.0 0.0 0.0
0.084000000 0.14351729042 -2.0 0.0 1.0 0.0 0.0 0.0
0.084618546 0.142531823567 -2.0 0.0 1.0 0.0 0.0 0.0
0.085000000 0.141924106595 -2.0 0.0 1.0 0.0 0.0 0.0
0.086000000 0.140331018466 -2.0 0.0 1.0 0.0 0.0 0.0
0.087000000 0.138738069618 -2.0 0.0 1.0 0.0 0.0 0.0
0.087756929 0.137532438289 -2.0 0.0 1.0 0.0 0.0 0.0
0.088000000 0.137145303448 -2.0 0.0 1.0 0.0 0.0 0.0
0.089000000 0.135552763172 -2.0 0.0 1.0 0.0 0.0 0.0
0.090000000 0.13396049182 -2.0 0.0 1.0 0.0 0.0 0.0
0.090896224 0.132533722267 -2.0 0.0 1.0 0.0 0.0 0.0
0.091000000 0.13236853224 -2.0 0.0 1.0 0.0 0.0 0.0
0.092000000 0.130776927092 -2.0 0.0 1.0 0.0 0.0 0.0
0.093000000 0.129185718855 -2.0 0.0 1.0 0.0 0.0 0.0
0.094000000 0.127594949824 -2.0 0.0 1.0 0.0 0.0 0.0
0.094037271 0.127535668706 -2.0 0.0 1.0 0.0 0.0 0.0
0.095000000 0.126004662107 -2.0 0.0 1.0 0.0 0.0 0.0
0.096000000 0.12441489763 -2.0 0.0 1.0 0.0 0.0 0.0
0.097000000 0.122825698136 -2.0 0.0 1.0 0.0 0.0 0.0
0.097180902 0.122538272032 -2.0 0.0 1.0 0.0 0.0 0.0
0.098000000 0.12123710518 -2.0 0.0 1.0 0.0 0.0 0.0
0.099000000 0.119649160136 -2.0 0.0 1.0 0.0 0.0 0.0
0.100000000 0.118061904193 -2.0 0.0 1.0 0.0 0.0 0.0
0.100327945 0.117541527797 -2.0 0.0 1.0 0.0 0.0 0.0
0.101000000 0.116475378355 -2.0 0.0 1.0 0.0 0.0 0.0
0.102000000 0.114889623443 -2.0 0.0 1.0 0.0 0.0 0.0
0.103000000 0.113304680093 -2.0 0.0 1.0 0.0 0.0 0.0
0.103479226 0.112545432769 -2.0 0.0 1.0 0.0 0.0 0.0
0.104000000 0.111720588757 -2.0 0.0 1.0 0.0 0.0 0.0
0.105000000 0.110137389704 -2.0 0.0 1.0 0.0 0.0 0.0
0.106000000 0.108555123016 -2.0 0.0 1.0 0.0 0.0 0.0
0.106635570 0.107549984215 -2.0 0.0 1.0 0.0 0.0 0.0
0.107000000 0.106973828593 -2.0 0.0 1.0 0.0 0.0 0.0
0.108000000 0.105393546151 -2.0 0.0 1.0 0.0 0.0 0.0
0.109000000 0.103814315221 -2.0 0.0 1.0 0.0 0.0 0.0
0.109797802 0.102555181125 -2.0 0.0 1.0 0.0 0.0 0.0
0.110000000 0.10223617515 -2.0 0.0 1.0 0.0 0.0 0.0
0.111000000 0.1006591651 -2.0 0.0 1.0 0.0 0.0 0.0
0.112000000 0.0990833240512 -2.0 0.0 1.0 0.0 0.0 0.0
0.112966753 0.0975610226926 -2.0 0.0 1.0 0.0 0.0 0.0
0.113000000 0.0975086907967 -2.0 0.0 1.0 0.0 0.0 0.0
0.114000000 0.0959353039473 -2.0 0.0 1.0 0.0 0.0 0.0
0.115000000 0.094363201929 -2.0 0.0 1.0 0.0 0.0 0.0
0.116000000 0.0927924229836 -2.0 0.0 1.0 0.0 0.0 0.0
0.116143255 0.0925675106831 -2.0 0.0 1.0 0.0 0.0 0.0
0.117000000 0.091223005169 -2.0 0.0 1.0 0.0 0.0 0.0
0.118000000 0.0896549863587 -2.0 0.0 1.0 0.0 0.0 0.0
0.119000000 0.088088404242 -2.0 0.0 1.0 0.0 0.0 0.0
0.119328152 0.0875746457216 -2.0 0.0 1.0 0.0 0.0 0.0
0.120000000 0.086523296324 -2.0 0.0 1.0 0.0 0.0 0.0
0.121000000 0.0849596999259 -2.0 0.0 1.0 0.0 0.0 0.0
0.122000000 0.0833976521843 -2.0 0.0 1.0 0.0 0.0 0.0
0.122522294 0.0825824312235 -2.0 0.0 1.0 0.0 0.0 0.0
0.123000000 0.0818371900519 -2.0 0.0 1.0 0.0 0.0 0.0
0.124000000 0.0802783502972 -2.0 0.0 1.0 0.0 0.0 0.0
0.125000000 0.0787211695044 -2.0 0.0 1.0 0.0 0.0 0.0
0.125726543 0.0775908716157 -2.0 0.0 1.0 0.0 0.0 0.0
0.126000000 0.0771656840735 -2.0 0.0 1.0 0.0 0.0 0.0
0.127000000 0.0756119302206 -2.0 0.0 1.0 0.0 0.0 0.0
0.128000000 0.0740599439773 -2.0 0.0 1.0 0.0 0.0 0.0
0.128941774 0.0725999713042 -2.0 0.0 1.0 0.0 0.0 0.0
0.129000000 0.072509761191 -2.0 0.0 1.0 0.0 0.0 0.0
0.130000000 0.0709614175253 -2.0 0.0 1.0 0.0 0.0 0.0
0.131000000 0.0694149484592 -2.0 0.0 1.0 0.0 0.0 0.0
0.132000000 0.0678703892878 -2.0 0.0 1.0 0.0 0.0 0.0
0.132168879 0.0676097362303 -2.0 0.0 1.0 0.0 0.0 0.0
0.133000000 0.0663277751217 -2.0 0.0 1.0 0.0 0.0 0.0
0.134000000 0.0647871408877 -2.0 0.0 1.0 0.0 0.0 0.0
0.135000000 0.0632485213282 -2.0 0.0 1.0 0.0 0.0 0.0
0.135408766 0.0626201740332 -2.0 0.0 1.0 0.0 0.0 0.0
0.136000000 0.0617119510015 -2.0 0.0 1.0 0.0 0.0 0.0
0.137000000 0.0601774642816 -2.0 0.0 1.0 0.0 0.0 0.0
0.138000000 0.0586450953583 -2.0 0.0 1.0 0.0 0.0 0.0
0.138662363 0.0576312919439 -2.0 0.0 1.0 0.0 0.0 0.0
0.139000000 0.0571148782375 -2.0 0.0 1.0 0.0 0.0 0.0
0.140000000 0.0555868467407 -2.0 0.0 1.0 0.0 0.0 0.0
0.141000000 0.0540610345051 -2.0 0.0 1.0 0.0 0.0 0.0
0.141930623 0.052643100608 -2.0 0.0 1.0 0.0 0.0 0.0
0.142000000 0.0525374749839 -2.0 0.0 1.0 0.0 0.0 0.0
0.143000000 0.0510162014462 -2.0 0.0 1.0 0.0 0.0 0.0
0.144000000 0.0494972469767 -2.0 0.0 1.0 0.0 0.0 0.0
0.145000000 0.0479806444761 -2.0 0.0 1.0 0.0 0.0 0.0
0.145214521 0.0476556102942 -2.0 0.0 1.0 0.0 0.0 0.0
0.146000000 0.0464664266607 -2.0 0.0 1.0 0.0 0.0 0.0
0.147000000 0.0449546260628 -2.0 0.0 1.0 0.0 0.0 0.0
0.148000000 0.0434452750305 -2.0 0.0 1.0 0.0 0.0 0.0
0.148515061 0.0426688326451 -2.0 0.0 1.0 0.0 0.0 0.0
0.149000000 0.0419384057277 -2.0 0.0 1.0 0.0 0.0 0.0
0.150000000 0.0404340501341 -2.0 0.0 1.0 0.0 0.0 0.0
0.151000000 0.0389322400451 -2.0 0.0 1.0 0.0 0.0 0.0
0.151833278 0.0376827805659 -2.0 0.0 1.0 0.0 0.0 0.0
0.152000000 0.0374330070722 -2.0 0.0 1.0 0.0 0.0 0.0
0.153000000 0.0359363826425 -2.0 0.0 1.0 0.0 0.0 0.0
0.154000000 0.034442397999 -2.0 0.0 1.0 0.0 0.0 0.0
0.155000000 0.0329510842004 -2.0 0.0 1.0 0.0 0.0 0.0
0.155170241 0.0326974687434 -2.0 0.0 1.0 0.0 0.0 0.0
0.156000000 0.0314624721214 -2.0 0.0 1.0 0.0 0.0 0.0
0.157000000 0.0299765924523 -2.0 0.0 1.0 0.0 0.0 0.0
0.158000000 0.0284934756995 -2.0 0.0 1.0 0.0 0.0 0.0
0.158527055 0.0277129133017 -2.0 0.0 1.0 0.0 0.0 0.0
0.159000000 0.027013152185 -2.0 0.0 1.0 0.0 0.0 0.0
0.160000000 0.0255356520467 -2.0 0.0 1.0 0.0 0.0 0.0
0.161000000 0.0240610052383 -2.0 0.0 1.0 0.0 0.0 0.0
0.161904865 0.0227291318697 -2.0 0.0 1.0 0.0 0.0 0.0
0.162000000 0.0225892415292 -2.0 0.0 1.0 0.0 0.0 0.0
0.163000000 0.0211203905049 -2.0 0.0 1.0 0.0 0.0 0.0
0.164000000 0.0196544815664 -2.0 0.0 1.0 0.0 0.0 0.0
0.165000000 0.0181915439308 -2.0 0.0 1.0 0.0 0.0 0.0
0.165304862 0.017746144085 -2.0 0.0 1.0 0.0 0.0 0.0
0.166000000 0.0167316066309 -2.0 0.0 1.0 0.0 0.0 0.0
0.167000000 0.0152746985151 -2.0 0.0 1.0 0.0 0.0 0.0
0.168000000 0.013820848248 -2.0 0.0 1.0 0.0 0.0 0.0
0.168728286 0.0127639696123 -2.0 0.0 1.0 0.0 0.0 0.0
0.169000000 0.0123700843099 -2.0 0.0 1.0 0.0 0.0 0.0
0.170000000 0.0109224349966 -2.0 0.0 1.0 0.0 0.0 0.0
0.171000000 0.00947792842024 -2.0 0.0 1.0 0.0 0.0 0.0
0.172000000 0.00803659250837 -2.0 0.0 1.0 0.0 0.0 0.0
0.172176427 0.00778263224342 -2.0 0.0 1.0 0.0 0.0 0.0
0.173000000 0.00659845500452 -2.0 0.0 1.0 0.0 0.0 0.0
0.174000000 0.00516354346804 -2.0 0.0 1.0 0.0 0.0 0.0
0.175000000 0.00373188527407 -2.0 0.0 1.0 0.0 0.0 0.0
0.175650636 0.00280215629342 -2.0 0.0 1.0 0.0 0.0 0.0
0.176000000 0.00230350761356 -2.0 0.0 1.0 0.0 0.0 0.0
0.177000000 0.000878437493308 -2.0 0.0 1.0 0.0 0.0 0.0
0.178000000 -0.000543298264097 -2.0 0.0 1.0 0.0 0.0 0.0
0.179000000 -0.00196167302024 -2.0 0.0 1.0 0.0 0.0 0.0
0.179152325 -0.00217743085183 -2.0 0.0 1.0 0.0 0.0 0.0
0.180000000 -0.00337666032087 -2.0 0.0 1.0 0.0 0.0 0.0
0.181000000 -0.00478823389596 -2.0 0.0 1.0 0.0 0.0 0.0
0.182000000 -0.00619636765963 -2.0 0.0 1.0 0.0 0.0 0.0
0.182682976 -0.00715610013203 -2.0 0.0 1.0 0.0 0.0 0.0
0.183000000 -0.00760103571018 -2.0 0.0 1.0 0.0 0.0 0.0
0.184000000 -0.00900221233012 -2.0 0.0 1.0 0.0 0.0 0.0
0.185000000 -0.0103998719861 -2.0 0.0 1.0 0.0 0.0 0.0
0.186000000 -0.011793989329 -2.0 0.0 1.0 0.0 0.0 0.0
0.186244148 -0.0121338201243 -2.0 0.0 1.0 0.0 0.0 0.0
0.187000000 -0.0131845391939 -2.0 0.0 1.0 0.0 0.0 0.0
0.188000000 -0.0145714966 -2.0 0.0 1.0 0.0 0.0 0.0
0.189000000 -0.0159548367507 -2.0 0.0 1.0 0.0 0.0 0.0
0.189837480 -0.0171105565761 -2.0 0.0 1.0 0.0 0.0 0.0
0.190000000 -0.0173345350335 -2.0 0.0 1.0 0.0 0.0 0.0
0.191000000 -0.0187105670204 -2.0 0.0 1.0 0.0 0.0 0.0
0.192000000 -0.0200829084671 -2.0 0.0 1.0 0.0 0.0 0.0
0.193000000 -0.0214515353138 -2.0 0.0 1.0 0.0 0.0 0.0
0.193464704 -0.0220862714175 -2.0 0.0 1.0 0.0 0.0 0.0
0.194000000 -0.0228164236849 -2.0 0.0 1.0 0.0 0.0 0.0
0.195000000 -0.0241775498889 -2.0 0.0 1.0 0.0 0.0 0.0
0.196000000 -0.0255348904185 -2.0 0.0 1.0 0.0 0.0 0.0
0.197000000 -0.0268884219504 -2.0 0.0 1.0 0.0 0.0 0.0
0.197127649 -0.0270609243086 -2.0 0.0 1.0 0.0 0.0 0.0
0.198000000 -0.0282381213458 -2.0 0.0 1.0 0.0 0.0 0.0
0.199000000 -0.0295839656498 -2.0 0.0 1.0 0.0 0.0 0.0
0.200000000 -0.030925932092 -2.0 0.0 1.0 0.0 0.0 0.0
0.200828255 -0.0320344709164 -2.0 0.0 1.0 0.0 0.0 0.0
0.201000000 -0.0322639980859 -2.0 0.0 1.0 0.0 0.0 0.0
0.202000000 -0.0335981412292 -2.0 0.0 1.0 0.0 0.0 0.0
0.203000000 -0.0349283393039 -2.0 0.0 1.0 0.0 0.0 0.0
0.204000000 -0.0362545702763 -2.0 0.0 1.0 0.0 0.0 0.0
0.204568581 -0.0370068629569 -2.0 0.0 1.0 0.0 0.0 0.0
0.205000000 -0.0375768122965 -2.0 0.0 1.0 0.0 0.0 0.0
0.206000000 -0.0388950436991 -2.0 0.0 1.0 0.0 0.0 0.0
0.207000000 -0.0402092430027 -2.0 0.0 1.0 0.0 0.0 0.0
0.208000000 -0.0415193889104 -2.0 0.0 1.0 0.0 0.0 0.0
0.208350819 -0.0419780488311 -2.0 0.0 1.0 0.0 0.0 0.0
0.209000000 -0.042825460309 -2.0 0.0 1.0 0.0 0.0 0.0
0.210000000 -0.0441274362699 -2.0 0.0 1.0 0.0 0.0 0.0
0.211000000 -0.0454252960484 -2.0 0.0 1.0 0.0 0.0 0.0
0.212000000 -0.0467190190842 -2.0 0.0 1.0 0.0 0.0 0.0
0.212177306 -0.046947970979 -2.0 0.0 1.0 0.0 0.0 0.0
0.213000000 -0.048008585001 -2.0 0.0 1.0 0.0 0.0 0.0
0.214000000 -0.0492939736068 -2.0 0.0 1.0 0.0 0.0 0.0
0.215000000 -0.0505751648937 -2.0 0.0 1.0 0.0 0.0 0.0
0.216000000 -0.0518521390382 -2.0 0.0 1.0 0.0 0.0 0.0
0.216050541 -0.0519165664719 -2.0 0.0 1.0 0.0 0.0 0.0
0.217000000 -0.0531248764006 -2.0 0.0 1.0 0.0 0.0 0.0
0.218000000 -0.0543933575257 -2.0 0.0 1.0 0.0 0.0 0.0
0.219000000 -0.0556575631423 -2.0 0.0 1.0 0.0 0.0 0.0
0.219973201 -0.0568837671283 -2.0 0.0 1.0 0.0 0.0 0.0
0.220000000 -0.0569174741636 -2.0 0.0 1.0 0.0 0.0 0.0
0.221000000 -0.0581730716867 -2.0 0.0 1.0 0.0 0.0 0.0
0.222000000 -0.0594243369931 -2.0 0.0 1.0 0.0 0.0 0.0
0.223000000 -0.0606712515483 -2.0 0.0 1.0 0.0 0.0 0.0
0.223948165 -0.0618494981836 -2.0 0.0 1.0 0.0 0.0 0.0
0.224000000 -0.0619137970022 -2.0 0.0 1.0 0.0 0.0 0.0
0.225000000 -0.0631519551888 -2.0 0.0 1.0 0.0 0.0 0.0
0.226000000 -0.0643857081261 -2.0 0.0 1.0 0.0 0.0 0.0
0.227000000 -0.0656150380165 -2.0 0.0 1.0 0.0 0.0 0.0
0.227978531 -0.066813676868 -2.0 0.0 1.0 0.0 0.0 0.0
0.228000000 -0.0668399272466 -2.0 0.0 1.0 0.0 0.0 0.0
0.229000000 -0.068060358387 -2.0 0.0 1.0 0.0 0.0 0.0
0.230000000 -0.0692763141926 -2.0 0.0 1.0 0.0 0.0 0.0
0.231000000 -0.0704877776025 -2.0 0.0 1.0 0.0 0.0 0.0
0.232000000 -0.0716947317399 -2.0 0.0 1.0 0.0 0.0 0.0
0.232067644 -0.0717762124928 -2.0 0.0 1.0 0.0 0.0 0.0
0.233000000 -0.0728971599123 -2.0 0.0 1.0 0.0 0.0 0.0
0.234000000 -0.0740950456112 -2.0 0.0 1.0 0.0 0.0 0.0
0.235000000 -0.0752883725124 -2.0 0.0 1.0 0.0 0.0 0.0
0.236000000 -0.076477124476 -2.0 0.0 1.0 0.0 0.0 0.0
0.236219131 -0.0767370043195 -2.0 0.0 1.0 0.0 0.0 0.0
0.237000000 -0.0776612855461 -2.0 0.0 1.0 0.0 0.0 0.0
0.238000000 -0.0788408399509 -2.0 0.0 1.0 0.0 0.0 0.0
0.239000000 -0.0800157721031 -2.0 0.0 1.0 0.0 0.0 0.0
0.240000000 -0.0811860665994 -2.0 0.0 1.0 0.0 0.0 0.0
0.240436928 -0.0816959414604 -2.0 0.0 1.0 0.0 0.0 0.0
0.241000000 -0.0823517082206 -2.0 0.0 1.0 0.0 0.0 0.0
0.242000000 -0.0835126819317 -2.0 0.0 1.0 0.0 0.0 0.0
0.243000000 -0.0846689728821 -2.0 0.0 1.0 0.0 0.0 0.0
0.244000000 -0.0858205664052 -2.0 0.0 1.0 0.0 0.0 0.0
0.244725327 -0.0866529013028 -2.0 0.0 1.0 0.0 0.0 0.0
0.245000000 -0.0869674480186 -2.0 0.0 1.0 0.0 0.0 0.0
0.246000000 -0.0881096034241 -2.0 0.0 1.0 0.0 0.0 0.0
0.247000000 -0.0892470185076 -2.0 0.0 1.0 0.0 0.0 0.0
0.248000000 -0.0903796793394 -2.0 0.0 1.0 0.0 0.0 0.0
0.249000000 -0.0915075721737 -2.0 0.0 1.0 0.0 0.0 0.0
0.249089020 -0.0916077456488 -2.0 0.0 1.0 0.0 0.0 0.0
0.250000000 -0.0926306834491 -2.0 0.0 1.0 0.0 0.0 0.0
0.251000000 -0.0937489997884 -2.0 0.0 1.0 0.0 0.0 0.0
0.252000000 -0.0948625079983 -2.0 0.0 1.0 0.0 0.0 0.0
0.253000000 -0.09597119507 -2.0 0.0 1.0 0.0 0.0 0.0
0.253533153 -0.096560320951 -2.0 0.0 1.0 0.0 0.0 0.0
0.254000000 -0.0970750481788 -2.0 0.0 1.0 0.0 0.0 0.0
0.255000000 -0.098174054684 -2.0 0.0 1.0 0.0 0.0 0.0
0.256000000 -0.0992682021293 -2.0 0.0 1.0 0.0 0.0 0.0
0.257000000 -0.100357478242 -2.0 0.0 1.0 0.0 0.0 0.0
0.258000000 -0.101441870936 -2.0 0.0 1.0 0.0 0.0 0.0
0.258063398 -0.101510454473 -2.0 0.0 1.0 0.0 0.0 0.0
0.259000000 -0.102521368305 -2.0 0.0 1.0 0.0 0.0 0.0
0.260000000 -0.10359595863 -2.0 0.0 1.0 0.0 0.0 0.0
0.261000000 -0.104665630377 -2.0 0.0 1.0 0.0 0.0 0.0
0.262000000 -0.105730372193 -2.0 0.0 1.0 0.0 0.0 0.0
0.262686021 -0.106457951453 -2.0 0.0 1.0 0.0 0.0 0.0
0.263000000 -0.106790172911 -2.0 0.0 1.0 0.0 0.0 0.0
0.264000000 -0.107845021549 -2.0 0.0 1.0 0.0 0.0 0.0
0.265000000 -0.108894907308 -2.0 0.0 1.0 0.0 0.0 0.0
0.266000000 -0.109939819574 -2.0 0.0 1.0 0.0 0.0 0.0
0.267000000 -0.110979747915 -2.0 0.0 1.0 0.0 0.0 0.0
0.267407988 -0.111402592462 -2.0 0.0 1.0 0.0 0.0 0.0
0.268000000 -0.112014682086 -2.0 0.0 1.0 0.0 0.0 0.0
0.269000000 -0.113044612025 -2.0 0.0 1.0 0.0 0.0 0.0
0.270000000 -0.114069527854 -2.0 0.0 1.0 0.0 0.0 0.0
0.271000000 -0.115089419878 -2.0 0.0 1.0 0.0 0.0 0.0
0.272000000 -0.11610427859 -2.0 0.0 1.0 0.0 0.0 0.0
0.272237064 -0.116344126619 -2.0 0.0 1.0 0.0 0.0 0.0
0.273000000 -0.117114094663 -2.0 0.0 1.0 0.0 0.0 0.0
0.274000000 -0.118118858957 -2.0 0.0 1.0 0.0 0.0 0.0
0.275000000 -0.119118562514 -2.0 0.0 1.0 0.0 0.0 0.0
0.276000000 -0.120113196562 -2.0 0.0 1.0 0.0 0.0 0.0
0.277000000 -0.121102752512 -2.0 0.0 1.0 0.0 0.0 0.0
0.277181961 -0.121282267338 -2.0 0.0 1.0 0.0 0.0 0.0
0.278000000 -0.12208722196 -2.0 0.0 1.0 0.0 0.0 0.0
0.279000000 -0.123066596686 -2.0 0.0 1.0 0.0 0.0 0.0
0.280000000 -0.124040868653 -2.0 0.0 1.0 0.0 0.0 0.0
0.281000000 -0.125010030011 -2.0 0.0 1.0 0.0 0.0 0.0
0.282000000 -0.12597407309 -2.0 0.0 1.0 0.0 0.0 0.0
0.282252500 -0.12621668454 -2.0 0.0 1.0 0.0 0.0 0.0
0.283000000 -0.126932990408 -2.0 0.0 1.0 0.0 0.0 0.0
0.284000000 -0.127886774666 -2.0 0.0 1.0 0.0 0.0 0.0
0.285000000 -0.128835418747 -2.0 0.0 1.0 0.0 0.0 0.0
0.286000000 -0.129778915723 -2.0 0.0 1.0 0.0 0.0 0.0
0.287000000 -0.130717258845 -2.0 0.0 1.0 0.0 0.0 0.0
0.287459819 -0.131146995762 -2.0 0.0 1.0 0.0 0.0 0.0
0.288000000 -0.131650441551 -2.0 0.0 1.0 0.0 0.0 0.0
0.289000000 -0.132578457463 -2.0 0.0 1.0 0.0 0.0 0.0
0.290000000 -0.133501300387 -2.0 0.0 1.0 0.0 0.0 0.0
0.291000000 -0.134418964312 -2.0 0.0 1.0 0.0 0.0 0.0
0.292000000 -0.135331443413 -2.0 0.0 1.0 0.0 0.0 0.0
0.292816633 -0.136072754892 -2.0 0.0 1.0 0.0 0.0 0.0
0.293000000 -0.136238732049 -2.0 0.0 1.0 0.0 0.0 0.0
0.294000000 -0.137140824761 -2.0 0.0 1.0 0.0 0.0 0.0
0.295000000 -0.138037716276 -2.0 0.0 1.0 0.0 0.0 0.0
0.296000000 -0.138929401506 -2.0 0.0 1.0 0.0 0.0 0.0
0.297000000 -0.139815875545 -2.0 0.0 1.0 0.0 0.0 0.0
0.298000000 -0.140697133673 -2.0 0.0 1.0 0.0 0.0 0.0
0.298337564 -0.140993437108 -2.0 0.0 1.0 0.0 0.0 0.0
0.299000000 -0.141573171354 -2.0 0.0 1.0 0.0 0.0 0.0
0.300000000 -0.142443984234 -2.0 0.0 1.0 0.0 0.0 0.0
0.301000000 -0.143309568146 -2.0 0.0 1.0 0.0 0.0 0.0
0.302000000 -0.144169919105 -2.0 0.0 1.0 0.0 0.0 0.0
0.303000000 -0.145025033312 -2.0 0.0 1.0 0.0 0.0 0.0
0.304000000 -0.145874907152 -2.0 0.0 1.0 0.0 0.0 0.0
0.304039558 -0.145908419416 -2.0 0.0 1.0 0.0 0.0 0.0
0.305000000 -0.146719537192 -2.0 0.0 1.0 0.0 0.0 0.0
0.306000000 -0.147558920186 -2.0 0.0 1.0 0.0 0.0 0.0
0.307000000 -0.14839305307 -2.0 0.0 1.0 0.0 0.0 0.0
0.308000000 -0.149221932966 -2.0 0.0 1.0 0.0 0.0 0.0
0.309000000 -0.150045557178 -2.0 0.0 1.0 0.0 0.0 0.0
0.309942431 -0.150816953776 -2.0 0.0 1.0 0.0 0.0 0.0
0.310000000 -0.150863923197 -2.0 0.0 1.0 0.0 0.0 0.0
0.311000000 -0.151677028696 -2.0 0.0 1.0 0.0 0.0 0.0
0.312000000 -0.152484871532 -2.0 0.0 1.0 0.0 0.0 0.0
0.313000000 -0.153287449749 -2.0 0.0 1.0 0.0 0.0 0.0
0.314000000 -0.154084761571 -2.0 0.0 1.0 0.0 0.0 0.0
0.315000000 -0.154876805409 -2.0 0.0 1.0 0.0 0.0 0.0
0.316000000 -0.155663579859 -2.0 0.0 1.0 0.0 0.0 0.0
0.316069588 -0.155718134265 -2.0 0.0 1.0 0.0 0.0 0.0
0.317000000 -0.156445083698 -2.0 0.0 1.0 0.0 0.0 0.0
0.318000000 -0.157221315889 -2.0 0.0 1.0 0.0 0.0 0.0
0.319000000 -0.157992275581 -2.0 0.0 1.0 0.0 0.0 0.0
0.320000000 -0.158757962103 -2.0 0.0 1.0 0.0 0.0 0.0
0.321000000 -0.159518374971 -2.0 0.0 1.0 0.0 0.0 0.0
0.322000000 -0.160273513886 -2.0 0.0 1.0 0.0 0.0 0.0
0.322448989 -0.160610847807 -2.0 0.0 1.0 0.0 0.0 0.0
0.323000000 -0.16102337873 -2.0 0.0 1.0 0.0 0.0 0.0
0.324000000 -0.161767969573 -2.0 0.0 1.0 0.0 0.0 0.0
0.325000000 -0.162507286665 -2.0 0.0 1.0 0.0 0.0 0.0
0.326000000 -0.163241330444 -2.0 0.0 1.0 0.0 0.0 0.0
0.327000000 -0.163970101531 -2.0 0.0 1.0 0.0 0.0 0.0
0.328000000 -0.164693600728 -2.0 0.0 1.0 0.0 0.0 0.0
0.329000000 -0.165411829027 -2.0 0.0 1.0 0.0 0.0 0.0
0.329114465 -0.165493705329 -2.0 0.0 1.0 0.0 0.0 0.0
0.330000000 -0.166124787599 -2.0 0.0 1.0 0.0 0.0 0.0
0.331000000 -0.166832477803 -2.0 0.0 1.0 0.0 0.0 0.0
0.332000000 -0.167534901179 -2.0 0.0 1.0 0.0 0.0 0.0
0.333000000 -0.168232059453 -2.0 0.0 1.0 0.0 0.0 0.0
0.334000000 -0.168923954536 -2.0 0.0 1.0 0.0 0.0 0.0
0.335000000 -0.16961058852 -2.0 0.0 1.0 0.0 0.0 0.0
0.336000000 -0.170291963685 -2.0 0.0 1.0 0.0 0.0 0.0
0.336107569 -0.17036494568 -2.0 0.0 1.0 0.0 0.0 0.0
0.337000000 -0.170968082493 -2.0 0.0 1.0 0.0 0.0 0.0
0.338000000 -0.17163894759 -2.0 0.0 1.0 0.0 0.0 0.0
0.339000000 -0.172304561807 -2.0 0.0 1.0 0.0 0.0 0.0
0.340000000 -0.172964928159 -2.0 0.0 1.0 0.0 0.0 0.0
0.341000000 -0.173620049845 -2.0 0.0 1.0 0.0 0.0 0.0
0.342000000 -0.174269930248 -2.0 0.0 1.0 0.0 0.0 0.0
0.343000000 -0.174914572936 -2.0 0.0 1.0 0.0 0.0 0.0
0.343480229 -0.17522228916 -2.0 0.0 1.0 0.0 0.0 0.0
0.344000000 -0.175553981661 -2.0 0.0 1.0 0.0 0.0 0.0
0.345000000 -0.176188160358 -2.0 0.0 1.0 0.0 0.0 0.0
0.346000000 -0.176817113147 -2.0 0.0 1.0 0.0 0.0 0.0
0.347000000 -0.177440844333 -2.0 0.0 1.0 0.0 0.0 0.0
0.348000000 -0.178059358404 -2.0 0.0 1.0 0.0 0.0 0.0
0.349000000 -0.178672660032 -2.0 0.0 1.0 0.0 0.0 0.0
0.350000000 -0.179280754075 -2.0 0.0 1.0 0.0 0.0 0.0
0.351000000 -0.179883645573 -2.0 0.0 1.0 0.0 0.0 0.0
0.351298690 -0.180062715402 -2.0 0.0 1.0 0.0 0.0 0.0
0.352000000 -0.180481339752 -2.0 0.0 1.0 0.0 0.0 0.0
0.353000000 -0.18107384202 -2.0 0.0 1.0 0.0 0.0 0.0
0.354000000 -0.181661157971 -2.0 0.0 1.0 0.0 0.0 0.0
0.355000000 -0.182243293383 -2.0 0.0 1.0 0.0 0.0 0.0
0.356000000 -0.182820254218 -2.0 0.0 1.0 0.0 0.0 0.0
0.357000000 -0.183392046621 -2.0 0.0 1.0 0.0 0.0 0.0
0.358000000 -0.183958676924 -2.0 0.0 1.0 0.0 0.0 0.0
0.359000000 -0.184520151639 -2.0 0.0 1.0 0.0 0.0 0.0
0.359649563 -0.184882105929 -2.0 0.0 1.0 0.0 0.0 0.0
0.360000000 -0.185076477467 -2.0 0.0 1.0 0.0 0.0 0.0
0.361000000 -0.185627661289 -2.0 0.0 1.0 0.0 0.0 0.0
0.362000000 -0.186173710173 -2.0 0.0 1.0 0.0 0.0 0.0
0.363000000 -0.186714631369 -2.0 0.0 1.0 0.0 0.0 0.0
0.364000000 -0.187250432314 -2.0 0.0 1.0 0.0 0.0 0.0
0.365000000 -0.187781120626 -2.0 0.0 1.0 0.0 0.0 0.0
0.366000000 -0.188306704109 -2.0 0.0 1.0 0.0 0.0 0.0
0.367000000 -0.188827190751 -2.0 0.0 1.0 0.0 0.0 0.0
0.368000000 -0.189342588725 -2.0 0.0 1.0 0.0 0.0 0.0
0.368649554 -0.189674645423 -2.0 0.0 1.0 0.0 0.0 0.0
0.369000000 -0.189852906385 -2.0 0.0 1.0 0.0 0.0 0.0
0.370000000 -0.190358152274 -2.0 0.0 1.0 0.0 0.0 0.0
0.371000000 -0.190858335114 -2.0 0.0 1.0 0.0 0.0 0.0
0.372000000 -0.191353463816 -2.0 0.0 1.0 0.0 0.0 0.0
0.373000000 -0.191843547472 -2.0 0.0 1.0 0.0 0.0 0.0
0.374000000 -0.192328595359 -2.0 0.0 1.0 0.0 0.0 0.0
0.375000000 -0.192808616938 -2.0 0.0 1.0 0.0 0.0 0.0
0.376000000 -0.193283621855 -2.0 0.0 1.0 0.0 0.0 0.0
0.377000000 -0.19375361994 -2.0 0.0 1.0 0.0 0.0 0.0
0.378000000 -0.194218621206 -2.0 0.0 1.0 0.0 0.0 0.0
0.378461973 -0.194431754775 -2.0 0.0 1.0 0.0 0.0 0.0
0.379000000 -0.194678635852 -2.0 0.0 1.0 0.0 0.0 0.0
0.380000000 -0.195133674259 -2.0 0.0 1.0 0.0 0.0 0.0
0.381000000 -0.195583746995 -2.0 0.0 1.0 0.0 0.0 0.0
0.382000000 -0.19602886481 -2.0 0.0 1.0 0.0 0.0 0.0
0.383000000 -0.196469038637 -2.0 0.0 1.0 0.0 0.0 0.0
0.384000000 -0.196904279598 -2.0 0.0 1.0 0.0 0.0 0.0
0.385000000 -0.197334598994 -2.0 0.0 1.0 0.0 0.0 0.0
0.386000000 -0.197760008313 -2.0 0.0 1.0 0.0 0.0 0.0
0.387000000 -0.198180519226 -2.0 0.0 1.0 0.0 0.0 0.0
0.388000000 -0.19859614359 -2.0 0.0 1.0 0.0 0.0 0.0
0.389000000 -0.199006893443 -2.0 0.0 1.0 0.0 0.0 0.0
0.389326727 -0.199140042125 -2.0 0.0 1.0 0.0 0.0 0.0
0.390000000 -0.19941278101 -2.0 0.0 1.0 0.0 0.0 0.0
0.391000000 -0.1998138187 -2.0 0.0 1.0 0.0 0.0 0.0
0.392000000 -0.200210019104 -2.0 0.0 1.0 0.0 0.0 0.0
0.393000000 -0.200601395 -2.0 0.0 1.0 0.0 0.0 0.0
0.394000000 -0.200987959347 -2.0 0.0 1.0 0.0 0.0 0.0
0.395000000 -0.201369725292 -2.0 0.0 1.0 0.0 0.0 0.0
0.396000000 -0.201746706163 -2.0 0.0 1.0 0.0 0.0 0.0
0.397000000 -0.202118915473 -2.0 0.0 1.0 0.0 0.0 0.0
0.398000000 -0.20248636692 -2.0 0.0 1.0 0.0 0.0 0.0
0.399000000 -0.202849074385 -2.0 0.0 1.0 0.0 0.0 0.0
0.400000000 -0.203207051936 -2.0 0.0 1.0 0.0 0.0 0.0
0.401000000 -0.20356031382 -2.0 0.0 1.0 0.0 0.0 0.0
0.401619932 -0.203776950835 -2.0 0.0 1.0 0.0 0.0 0.0
0.402000000 -0.203908874474 -2.0 0.0 1.0 0.0 0.0 0.0
0.403000000 -0.204252748515 -2.0 0.0 1.0 0.0 0.0 0.0
0.404000000 -0.204591950745 -2.0 0.0 1.0 0.0 0.0 0.0
0.405000000 -0.204926496153 -2.0 0.0 1.0 0.0 0.0 0.0
0.406000000 -0.205256399907 -2.0 0.0 1.0 0.0 0.0 0.0
0.407000000 -0.205581677365 -2.0 0.0 1.0 0.0 0.0 0.0
0.408000000 -0.205902344064 -2.0 0.0 1.0 0.0 0.0 0.0
0.409000000 -0.206218415729 -2.0 0.0 1.0 0.0 0.0 0.0
0.410000000 -0.206529908268 -2.0 0.0 1.0 0.0 0.0 0.0
0.411000000 -0.206836837771 -2.0 0.0 1.0 0.0 0.0 0.0
0.412000000 -0.207139220516 -2.0 0.0 1.0 0.0 0.0 0.0
0.413000000 -0.207437072962 -2.0 0.0 1.0 0.0 0.0 0.0
0.414000000 -0.207730411753 -2.0 0.0 1.0 0.0 0.0 0.0
0.415000000 -0.20801925372 -2.0 0.0 1.0 0.0 0.0 0.0
0.415987864 -0.208300191718 -2.0 0.0 1.0 0.0 0.0 0.0
0.416000000 -0.208303615873 -2.0 0.0 1.0 0.0 0.0 0.0
0.417000000 -0.208583515411 -2.0 0.0 1.0 0.0 0.0 0.0
0.418000000 -0.208858969714 -2.0 0.0 1.0 0.0 0.0 0.0
0.419000000 -0.209129996348 -2.0 0.0 1.0 0.0 0.0 0.0
0.420000000 -0.209396613061 -2.0 0.0 1.0 0.0 0.0 0.0
0.421000000 -0.209658837789 -2.0 0.0 1.0 0.0 0.0 0.0
0.422000000 -0.209916688649 -2.0 0.0 1.0 0.0 0.0 0.0
0.423000000 -0.210170183942 -2.0 0.0 1.0 0.0 0.0 0.0
0.424000000 -0.210419342156 -2.0 0.0 1.0 0.0 0.0 0.0
0.425000000 -0.21066418196 -2.0 0.0 1.0 0.0 0.0 0.0
0.426000000 -0.210904722209 -2.0 0.0 1.0 0.0 0.0 0.0
0.427000000 -0.211140981942 -2.0 0.0 1.0 0.0 0.0 0.0
0.428000000 -0.211372980382 -2.0 0.0 1.0 0.0 0.0 0.0
0.429000000 -0.211600736936 -2.0 0.0 1.0 0.0 0.0 0.0
0.430000000 -0.211824271195 -2.0 0.0 1.0 0.0 0.0 0.0
0.431000000 -0.212043602936 -2.0 0.0 1.0 0.0 0.0 0.0
0.432000000 -0.212258752116 -2.0 0.0 1.0 0.0 0.0 0.0
0.433000000 -0.212469738882 -2.0 0.0 1.0 0.0 0.0 0.0
0.433706915 -0.212616388401 -2.0 0.0 1.0 0.0 0.0 0.0
0.434000000 -0.21267658356 -2.0 0.0 1.0 0.0 0.0 0.0
0.435000000 -0.212879306662 -2.0 0.0 1.0 0.0 0.0 0.0
0.436000000 -0.213077928886 -2.0 0.0 1.0 0.0 0.0 0.0
0.437000000 -0.213272471112 -2.0 0.0 1.0 0.0 0.0 0.0
0.438000000 -0.213462954405 -2.0 0.0 1.0 0.0 0.0 0.0
0.439000000 -0.213649400013 -2.0 0.0 1.0 0.0 0.0 0.0
0.440000000 -0.21383182937 -2.0 0.0 1.0 0.0 0.0 0.0
0.441000000 -0.214010264093 -2.0 0.0 1.0 0.0 0.0 0.0
0.442000000 -0.214184725984 -2.0 0.0 1.0 0.0 0.0 0.0
0.443000000 -0.214355237028 -2.0 0.0 1.0 0.0 0.0 0.0
0.444000000 -0.214521819395 -2.0 0.0 1.0 0.0 0.0 0.0
0.445000000 -0.21468449544 -2.0 0.0 1.0 0.0 0.0 0.0
0.446000000 -0.214843287701 -2.0 0.0 1.0 0.0 0.0 0.0
0.447000000 -0.214998218899 -2.0 0.0 1.0 0.0 0.0 0.0
0.448000000 -0.215149311942 -2.0 0.0 1.0 0.0 0.0 0.0
0.449000000 -0.215296589921 -2.0 0.0 1.0 0.0 0.0 0.0
0.450000000 -0.21544007611 -2.0 0.0 1.0 0.0 0.0 0.0
0.451000000 -0.215579793968 -2.0 0.0 1.0 0.0 0.0 0.0
0.452000000 -0.21571576714 -2.0 0.0 1.0 0.0 0.0 0.0
0.453000000 -0.215848019452 -2.0 0.0 1.0 0.0 0.0 0.0
0.454000000 -0.215976574916 -2.0 0.0 1.0 0.0 0.0 0.0
0.455000000 -0.216101457728 -2.0 0.0 1.0 0.0 0.0 0.0
0.456000000 -0.216222692269 -2.0 0.0 1.0 0.0 0.0 0.0
0.457000000 -0.216340303102 -2.0 0.0 1.0 0.0 0.0 0.0
0.457980015 -0.216452071568 -2.0 0.0 1.0 0.0 0.0 0.0
0.458000000 -0.216454314976 -2.0 0.0 1.0 0.0 0.0 0.0
0.459000000 -0.216564752823 -2.0 0.0 1.0 0.0 0.0 0.0
0.460000000 -0.216671641761 -2.0 0.0 1.0 0.0 0.0 0.0
0.461000000 -0.21677500709 -2.0 0.0 1.0 0.0 0.0 0.0
0.462000000 -0.216874874295 -2.0 0.0 1.0 0.0 0.0 0.0
0.463000000 -0.216971269047 -2.0 0.0 1.0 0.0 0.0 0.0
0.464000000 -0.217064217198 -2.0 0.0 1.0 0.0 0.0 0.0
0.465000000 -0.217153744785 -2.0 0.0 1.0 0.0 0.0 0.0
0.466000000 -0.217239878032 -2.0 0.0 1.0 0.0 0.0 0.0
0.467000000 -0.217322643344 -2.0 0.0 1.0 0.0 0.0 0.0
0.468000000 -0.217402067284 -2.0 0.0 1.0 0.0 0.0 0.0
0.469000000 -0.217478176448 -2.0 0.0 1.0 0.0 0.0 0.0
0.470000000 -0.217550997408 -2.0 0.0 1.0 0.0 0.0 0.0
0.471000000 -0.21762055671 -2.0 0.0 1.0 0.0 0.0 0.0
0.472000000 -0.217686880871 -2.0 0.0 1.0 0.0 0.0 0.0
0.473000000 -0.217749996382 -2.0 0.0 1.0 0.0 0.0 0.0
0.474000000 -0.217809929708 -2.0 0.0 1.0 0.0 0.0 0.0
0.475000000 -0.217866707286 -2.0 0.0 1.0 0.0 0.0 0.0
0.476000000 -0.217920355527 -2.0 0.0 1.0 0.0 0.0 0.0
0.477000000 -0.217970900814 -2.0 0.0 1.0 0.0 0.0 0.0
0.478000000 -0.218018369504 -2.0 0.0 1.0 0.0 0.0 0.0
0.479000000 -0.218062787927 -2.0 0.0 1.0 0.0 0.0 0.0
0.480000000 -0.218104182386 -2.0 0.0 1.0 0.0 0.0 0.0
0.481000000 -0.218142579158 -2.0 0.0 1.0 0.0 0.0 0.0
0.482000000 -0.218178004492 -2.0 0.0 1.0 0.0 0.0 0.0
0.483000000 -0.218210484611 -2.0 0.0 1.0 0.0 0.0 0.0
0.484000000 -0.21824004571 -2.0 0.0 1.0 0.0 0.0 0.0
0.485000000 -0.218266713957 -2.0 0.0 1.0 0.0 0.0 0.0
0.486000000 -0.218290515496 -2.0 0.0 1.0 0.0 0.0 0.0
0.487000000 -0.218311476441 -2.0 0.0 1.0 0.0 0.0 0.0
0.488000000 -0.21832962288 -2.0 0.0 1.0 0.0 0.0 0.0
0.489000000 -0.218344980875 -2.0 0.0 1.0 0.0 0.0 0.0
0.490000000 -0.218357576461 -2.0 0.0 1.0 0.0 0.0 0.0
0.491000000 -0.218367435644 -2.0 0.0 1.0 0.0 0.0 0.0
0.492000000 -0.218374584406 -2.0 0.0 1.0 0.0 0.0 0.0
0.493000000 -0.218379048701 -2.0 0.0 1.0 0.0 0.0 0.0
0.494000000 -0.218380854455 -2.0 0.0 1.0 0.0 0.0 0.0
0.495000000 -0.21838002757 -2.0 0.0 1.0 0.0 0.0 0.0
0.496000000 -0.218376593918 -2.0 0.0 1.0 0.0 0.0 0.0
0.497000000 -0.218370579346 -2.0 0.0 1.0 0.0 0.0 0.0
0.498000000 -0.218362009674 -2.0 0.0 1.0 0.0 0.0 0.0
0.499000000 -0.218350910694 -2.0 0.0 1.0 0.0 0.0 0.0
0.500000000 -0.218337308173 -2.0 0.0 1.0 0.0 0.0 0.0
0.501000000 -0.218321227849 -2.0 0.0 1.0 0.0 0.0 0.0
0.502000000 -0.218302695434 -2.0 0.0 1.0 0.0 0.0 0.0
0.502506730 -0.218292376586 -2.0 0.0 1.0 0.0 0.0 0.0
0.503000000 -0.218281736615 -2.0 0.0 1.0 0.0 0.0 0.0
0.504000000 -0.218258377049 -2.0 0.0 1.0 0.0 0.0 0.0
0.505000000 -0.218232642369 -2.0 0.0 1.0 0.0 0.0 0.0
0.506000000 -0.218204558178 -2.0 0.0 1.0 0.0 0.0 0.0
0.507000000 -0.218174150055 -2.0 0.0 1.0 0.0 0.0 0.0
0.508000000 -0.218141443552 -2.0 0.0 1.0 0.0 0.0 0.0
0.509000000 -0.218106464191 -2.0 0.0 1.0 0.0 0.0 0.0
0.510000000 -0.218069237471 -2.0 0.0 1.0 0.0 0.0 0.0
0.511000000 -0.218029788862 -2.0 0.0 1.0 0.0 0.0 0.0
0.512000000 -0.217988143807 -2.0 0.0 1.0 0.0 0.0 0.0
0.513000000 -0.217944327724 -2.0 0.0 1.0 0.0 0.0 0.0
0.514000000 -0.217898366003 -2.0 0.0 1.0 0.0 0.0 0.0
0.515000000 -0.217850284005 -2.0 0.0 1.0 0.0 0.0 0.0
0.516000000 -0.217800107068 -2.0 0.0 1.0 0.0 0.0 0.0
0.517000000 -0.217747860501 -2.0 0.0 1.0 0.0 0.0 0.0
0.518000000 -0.217693569587 -2.0 0.0 1.0 0.0 0.0 0.0
0.519000000 -0.21763725958 -2.0 0.0 1.0 0.0 0.0 0.0
0.520000000 -0.21757895571 -2.0 0.0 1.0 0.0 0.0 0.0
0.521000000 -0.217518683179 -2.0 0.0 1.0 0.0 0.0 0.0
0.522000000 -0.217456467161 -2.0 0.0 1.0 0.0 0.0 0.0
0.523000000 -0.217392332805 -2.0 0.0 1.0 0.0 0.0 0.0
0.524000000 -0.217326305232 -2.0 0.0 1.0 0.0 0.0 0.0
0.525000000 -0.217258409537 -2.0 0.0 1.0 0.0 0.0 0.0
0.526000000 -0.217188670787 -2.0 0.0 1.0 0.0 0.0 0.0
0.527000000 -0.217117114023 -2.0 0.0 1.0 0.0 0.0 0.0
0.528000000 -0.217043764259 -2.0 0.0 1.0 0.0 0.0 0.0
0.529000000 -0.216968646481 -2.0 0.0 1.0 0.0 0.0 0.0
0.530000000 -0.216891785651 -2.0 0.0 1.0 0.0 0.0 0.0
0.531000000 -0.216813206701 -2.0 0.0 1.0 0.0 0.0 0.0
0.532000000 -0.216732934537 -2.0 0.0 1.0 0.0 0.0 0.0
0.533000000 -0.21665099404 -2.0 0.0 1.0 0.0 0.0 0.0
0.534000000 -0.216567410062 -2.0 0.0 1.0 0.0 0.0 0.0
0.535000000 -0.216482207429 -2.0 0.0 1.0 0.0 0.0 0.0
0.536000000 -0.21639541094 -2.0 0.0 1.0 0.0 0.0 0.0
0.537000000 -0.216307045366 -2.0 0.0 1.0 0.0 0.0 0.0
0.538000000 -0.216217135454 -2.0 0.0 1.0 0.0 0.0 0.0
0.539000000 -0.216125705922 -2.0 0.0 1.0 0.0 0.0 0.0
0.540000000 -0.216032781461 -2.0 0.0 1.0 0.0 0.0 0.0
0.541000000 -0.215938386736 -2.0 0.0 1.0 0.0 0.0 0.0
0.542000000 -0.215842546385 -2.0 0.0 1.0 0.0 0.0 0.0
0.543000000 -0.215745285019 -2.0 0.0 1.0 0.0 0.0 0.0
0.544000000 -0.215646627222 -2.0 0.0 1.0 0.0 0.0 0.0
0.545000000 -0.215546597551 -2.0 0.0 1.0 0.0 0.0 0.0
0.546000000 -0.215445220537 -2.0 0.0 1.0 0.0 0.0 0.0
0.547000000 -0.215342520683 -2.0 0.0 1.0 0.0 0.0 0.0
0.548000000 -0.215238522466 -2.0 0.0 1.0 0.0 0.0 0.0
0.549000000 -0.215133250335 -2.0 0.0 1.0 0.0 0.0 0.0
0.550000000 -0.215026728715 -2.0 0.0 1.0 0.0 0.0 0.0
0.551000000 -0.214918982 -2.0 0.0 1.0 0.0 0.0 0.0
0.552000000 -0.21481003456 -2.0 0.0 1.0 0.0 0.0 0.0
0.552506730 -0.214754376905 -2.0 0.0 1.0 0.0 0.0 0.0
0.553000000 -0.214699910738 -2.0 0.0 1.0 0.0 0.0 0.0
0.554000000 -0.214588634849 -2.0 0.0 1.0 0.0 0.0 0.0
0.555000000 -0.214476231181 -2.0 0.0 1.0 0.0 0.0 0.0
0.556000000 -0.214362723997 -2.0 0.0 1.0 0.0 0.0 0.0
0.557000000 -0.214248137531 -2.0 0.0 1.0 0.0 0.0 0.0
0.558000000 -0.214132495992 -2.0 0.0 1.0 0.0 0.0 0.0
0.559000000 -0.214015823561 -2.0 0.0 1.0 0.0 0.0 0.0
0.560000000 -0.213898144392 -2.0 0.0 1.0 0.0 0.0 0.0
0.561000000 -0.213779482613 -2.0 0.0 1.0 0.0 0.0 0.0
0.562000000 -0.213659862323 -2.0 0.0 1.0 0.0 0.0 0.0
0.563000000 -0.213539307599 -2.0 0.0 1.0 0.0 0.0 0.0
0.564000000 -0.213417842485 -2.0 0.0 1.0 0.0 0.0 0.0
0.565000000 -0.213295491002 -2.0 0.0 1.0 0.0 0.0 0.0
0.566000000 -0.213172277144 -2.0 0.0 1.0 0.0 0.0 0.0
0.567000000 -0.213048224877 -2.0 0.0 1.0 0.0 0.0 0.0
0.568000000 -0.212923358139 -2.0 0.0 1.0 0.0 0.0 0.0
0.569000000 -0.212797700845 -2.0 0.0 1.0 0.0 0.0 0.0
0.570000000 -0.21267127688 -2.0 0.0 1.0 0.0 0.0 0.0
0.571000000 -0.212544110102 -2.0 0.0 1.0 0.0 0.0 0.0
0.572000000 -0.212416224344 -2.0 0.0 1.0 0.0 0.0 0.0
0.573000000 -0.21228764341 -2.0 0.0 1.0 0.0 0.0 0.0
0.574000000 -0.21215839108 -2.0 0.0 1.0 0.0 0.0 0.0
0.575000000 -0.212028491105 -2.0 0.0 1.0 0.0 0.0 0.0
0.576000000 -0.211897967209 -2.0 0.0 1.0 0.0 0.0 0.0
0.577000000 -0.21176684309 -2.0 0.0 1.0 0.0 0.0 0.0
0.578000000 -0.211635142419 -2.0 0.0 1.0 0.0 0.0 0.0
0.579000000 -0.211502888841 -2.0 0.0 1.0 0.0 0.0 0.0
0.580000000 -0.211370105971 -2.0 0.0 1.0 0.0 0.0 0.0
0.581000000 -0.211236817402 -2.0 0.0 1.0 0.0 0.0 0.0
0.582000000 -0.211103046695 -2.0 0.0 1.0 0.0 0.0 0.0
0.583000000 -0.210968817388 -2.0 0.0 1.0 0.0 0.0 0.0
0.584000000 -0.210834152991 -2.0 0.0 1.0 0.0 0.0 0.0
0.585000000 -0.210699076986 -2.0 0.0 1.0 0.0 0.0 0.0
0.586000000 -0.210563612829 -2.0 0.0 1.0 0.0 0.0 0.0
0.587000000 -0.21042778395 -2.0 0.0 1.0 0.0 0.0 0.0
0.588000000 -0.21029161375 -2.0 0.0 1.0 0.0 0.0 0.0
0.589000000 -0.210155125607 -2.0 0.0 1.0 0.0 0.0 0.0
0.590000000 -0.210018342867 -2.0 0.0 1.0 0.0 0.0 0.0
0.591000000 -0.209881288852 -2.0 0.0 1.0 0.0 0.0 0.0
0.592000000 -0.209743986859 -2.0 0.0 1.0 0.0 0.0 0.0
0.593000000 -0.209606460154 -2.0 0.0 1.0 0.0 0.0 0.0
0.594000000 -0.209468731978 -2.0 0.0 1.0 0.0 0.0 0.0
0.595000000 -0.209330825547 -2.0 0.0 1.0 0.0 0.0 0.0
0.596000000 -0.209192764047 -2.0 0.0 1.0 0.0 0.0 0.0
0.597000000 -0.20905457064 -2.0 0.0 1.0 0.0 0.0 0.0
0.597906513 -0.208929201787 -2.0 0.0 1.0 0.0 0.0 0.0
0.598000000 -0.208916268458 -2.0 0.0 1.0 0.0 0.0 0.0
0.599000000 -0.208777880608 -2.0 0.0 1.0 0.0 0.0 0.0
0.600000000 -0.208639430172 -2.0 0.0 1.0 0.0 0.0 0.0
0.601000000 -0.208500940201 -2.0 0.0 1.0 0.0 0.0 0.0
0.602000000 -0.208362433722 -2.0 0.0 1.0 0.0 0.0 0.0
0.603000000 -0.208223933735 -2.0 0.0 1.0 0.0 0.0 0.0
0.604000000 -0.208085463212 -2.0 0.0 1.0 0.0 0.0 0.0
0.605000000 -0.207947045099 -2.0 0.0 1.0 0.0 0.0 0.0
0.606000000 -0.207808702314 -2.0 0.0 1.0 0.0 0.0 0.0
0.607000000 -0.20767045775 -2.0 0.0 1.0 0.0 0.0 0.0
0.608000000 -0.207532334272 -2.0 0.0 1.0 0.0 0.0 0.0
0.609000000 -0.207394354718 -2.0 0.0 1.0 0.0 0.0 0.0
0.610000000 -0.207256541899 -2.0 0.0 1.0 0.0 0.0 0.0
0.611000000 -0.207118918601 -2.0 0.0 1.0 0.0 0.0 0.0
0.612000000 -0.20698150758 -2.0 0.0 1.0 0.0 0.0 0.0
0.613000000 -0.206844331567 -2.0 0.0 1.0 0.0 0.0 0.0
0.614000000 -0.206707413267 -2.0 0.0 1.0 0.0 0.0 0.0
0.615000000 -0.206570775357 -2.0 0.0 1.0 0.0 0.0 0.0
0.616000000 -0.206434440487 -2.0 0.0 1.0 0.0 0.0 0.0
0.617000000 -0.20629843128 -2.0 0.0 1.0 0.0 0.0 0.0
0.618000000 -0.206162770332 -2.0 0.0 1.0 0.0 0.0 0.0
0.619000000 -0.206027480214 -2.0 0.0 1.0 0.0 0.0 0.0
0.620000000 -0.205892583469 -2.0 0.0 1.0 0.0 0.0 0.0
0.621000000 -0.205758102611 -2.0 0.0 1.0 0.0 0.0 0.0
0.622000000 -0.205624060131 -2.0 0.0 1.0 0.0 0.0 0.0
0.623000000 -0.205490478491 -2.0 0.0 1.0 0.0 0.0 0.0
0.624000000 -0.205357380126 -2.0 0.0 1.0 0.0 0.0 0.0
0.625000000 -0.205224787444 -2.0 0.0 1.0 0.0 0.0 0.0
0.626000000 -0.205092722827 -2.0 0.0 1.0 0.0 0.0 0.0
0.627000000 -0.20496120863 -2.0 0.0 1.0 0.0 0.0 0.0
0.628000000 -0.204830267182 -2.0 0.0 1.0 0.0 0.0 0.0
0.629000000 -0.204699920782 -2.0 0.0 1.0 0.0 0.0 0.0
0.630000000 -0.204570191705 -2.0 0.0 1.0 0.0 0.0 0.0
0.631000000 -0.204441102199 -2.0 0.0 1.0 0.0 0.0 0.0
0.632000000 -0.204312674484 -2.0 0.0 1.0 0.0 0.0 0.0
0.633000000 -0.204184930754 -2.0 0.0 1.0 0.0 0.0 0.0
0.634000000 -0.204057893175 -2.0 0.0 1.0 0.0 0.0 0.0
0.634049149 -0.204051667947 -2.0 0.0 1.0 0.0 0.0 0.0
0.635000000 -0.203931583888 -2.0 0.0 1.0 0.0 0.0 0.0
0.636000000 -0.203806025005 -2.0 0.0 1.0 0.0 0.0 0.0
0.637000000 -0.203681238613 -2.0 0.0 1.0 0.0 0.0 0.0
0.638000000 -0.203557246771 -2.0 0.0 1.0 0.0 0.0 0.0
0.639000000 -0.203434071512 -2.0 0.0 1.0 0.0 0.0 0.0
0.640000000 -0.203311734841 -2.0 0.0 1.0 0.0 0.0 0.0
0.641000000 -0.203190258736 -2.0 0.0 1.0 0.0 0.0 0.0
0.642000000 -0.203069665151 -2.0 0.0 1.0 0.0 0.0 0.0
0.643000000 -0.20294997601 -2.0 0.0 1.0 0.0 0.0 0.0
0.644000000 -0.20283121321 -2.0 0.0 1.0 0.0 0.0 0.0
0.645000000 -0.202713398625 -2.0 0.0 1.0 0.0 0.0 0.0
0.646000000 -0.202596554097 -2.0 0.0 1.0 0.0 0.0 0.0
0.647000000 -0.202480701444 -2.0 0.0 1.0 0.0 0.0 0.0
0.648000000 -0.202365862458 -2.0 0.0 1.0 0.0 0.0 0.0
0.649000000 -0.202252058902 -2.0 0.0 1.0 0.0 0.0 0.0
0.650000000 -0.202139312514 -2.0 0.0 1.0 0.0 0.0 0.0
0.651000000 -0.202027645003 -2.0 0.0 1.0 0.0 0.0 0.0
0.652000000 -0.201917078052 -2.0 0.0 1.0 0.0 0.0 0.0
0.653000000 -0.201807633319 -2.0 0.0 1.0 0.0 0.0 0.0
0.654000000 -0.201699332432 -2.0 0.0 1.0 0.0 0.0 0.0
0.655000000 -0.201592196995 -2.0 0.0 1.0 0.0 0.0 0.0
0.656000000 -0.201486248584 -2.0 0.0 1.0 0.0 0.0 0.0
0.657000000 -0.201381508747 -2.0 0.0 1.0 0.0 0.0 0.0
0.658000000 -0.201277999006 -2.0 0.0 1.0 0.0 0.0 0.0
0.659000000 -0.201175740858 -2.0 0.0 1.0 0.0 0.0 0.0
0.660000000 -0.201074755769 -2.0 0.0 1.0 0.0 0.0 0.0
0.661000000 -0.200975065183 -2.0 0.0 1.0 0.0 0.0 0.0
0.662000000 -0.200876690513 -2.0 0.0 1.0 0.0 0.0 0.0
0.663000000 -0.200779653148 -2.0 0.0 1.0 0.0 0.0 0.0
0.664000000 -0.200683974449 -2.0 0.0 1.0 0.0 0.0 0.0
0.665000000 -0.200589675749 -2.0 0.0 1.0 0.0 0.0 0.0
0.666000000 -0.200496778356 -2.0 0.0 1.0 0.0 0.0 0.0
0.667000000 -0.20040530355 -2.0 0.0 1.0 0.0 0.0 0.0
0.668000000 -0.200315272585 -2.0 0.0 1.0 0.0 0.0 0.0
0.669000000 -0.200226706688 -2.0 0.0 1.0 0.0 0.0 0.0
0.670000000 -0.200139627059 -2.0 0.0 1.0 0.0 0.0 0.0
0.671000000 -0.20005405487 -2.0 0.0 1.0 0.0 0.0 0.0
0.672000000 -0.199970011267 -2.0 0.0 1.0 0.0 0.0 0.0
0.673000000 -0.199887517371 -2.0 0.0 1.0 0.0 0.0 0.0
0.673530732 -0.199844371872 -2.0 0.0 1.0 0.0 0.0 0.0
0.674000000 -0.199806594273 -2.0 0.0 1.0 0.0 0.0 0.0
0.675000000 -0.199727263039 -2.0 0.0 1.0 0.0 0.0 0.0
0.676000000 -0.199649544707 -2.0 0.0 1.0 0.0 0.0 0.0
0.677000000 -0.19957346029 -2.0 0.0 1.0 0.0 0.0 0.0
0.678000000 -0.199499030772 -2.0 0.0 1.0 0.0 0.0 0.0
0.679000000 -0.199426277111 -2.0 0.0 1.0 0.0 0.0 0.0
0.680000000 -0.19935522024 -2.0 0.0 1.0 0.0 0.0 0.0
0.681000000 -0.199285881061 -2.0 0.0 1.0 0.0 0.0 0.0
0.682000000 -0.199218280453 -2.0 0.0 1.0 0.0 0.0 0.0
0.683000000 -0.199152439267 -2.0 0.0 1.0 0.0 0.0 0.0
0.684000000 -0.199088378326 -2.0 0.0 1.0 0.0 0.0 0.0
0.685000000 -0.199026118427 -2.0 0.0 1.0 0.0 0.0 0.0
0.686000000 -0.19896568034 -2.0 0.0 1.0 0.0 0.0 0.0
0.687000000 -0.198907084808 -2.0 0.0 1.0 0.0 0.0 0.0
0.688000000 -0.198850352549 -2.0 0.0 1.0 0.0 0.0 0.0
0.689000000 -0.198795504251 -2.0 0.0 1.0 0.0 0.0 0.0
0.690000000 -0.198742560577 -2.0 0.0 1.0 0.0 0.0 0.0
0.691000000 -0.198691542162 -2.0 0.0 1.0 0.0 0.0 0.0
0.692000000 -0.198642469617 -2.0 0.0 1.0 0.0 0.0 0.0
0.693000000 -0.198595363522 -2.0 0.0 1.0 0.0 0.0 0.0
0.694000000 -0.198550244434 -2.0 0.0 1.0 0.0 0.0 0.0
0.695000000 -0.19850713288 -2.0 0.0 1.0 0.0 0.0 0.0
0.696000000 -0.198466049362 -2.0 0.0 1.0 0.0 0.0 0.0
0.697000000 -0.198427014355 -2.0 0.0 1.0 0.0 0.0 0.0
0.698000000 -0.198390048306 -2.0 0.0 1.0 0.0 0.0 0.0
0.699000000 -0.198355171636 -2.0 0.0 1.0 0.0 0.0 0.0
0.700000000 -0.19832240474 -2.0 0.0 1.0 0.0 0.0 0.0
0.701000000 -0.198291767984 -2.0 0.0 1.0 0.0 0.0 0.0
0.702000000 -0.19826328171 -2.0 0.0 1.0 0.0 0.0 0.0
0.703000000 -0.19823696623 -2.0 0.0 1.0 0.0 0.0 0.0
0.704000000 -0.198212841831 -2.0 0.0 1.0 0.0 0.0 0.0
0.705000000 -0.198190928773 -2.0 0.0 1.0 0.0 0.0 0.0
0.706000000 -0.198171247288 -2.0 0.0 1.0 0.0 0.0 0.0
0.707000000 -0.198153817584 -2.0 0.0 1.0 0.0 0.0 0.0
0.708000000 -0.198138659838 -2.0 0.0 1.0 0.0 0.0 0.0
0.709000000 -0.198125794204 -2.0 0.0 1.0 0.0 0.0 0.0
0.710000000 -0.198115240807 -2.0 0.0 1.0 0.0 0.0 0.0
0.711000000 -0.198107019745 -2.0 0.0 1.0 0.0 0.0 0.0
0.712000000 -0.198101151091 -2.0 0.0 1.0 0.0 0.0 0.0
0.713000000 -0.198097654888 -2.0 0.0 1.0 0.0 0.0 0.0
0.714000000 -0.198096551156 -2.0 0.0 1.0 0.0 0.0 0.0
0.715000000 -0.198097859885 -2.0 0.0 1.0 0.0 0.0 0.0
0.716000000 -0.19810160104 -2.0 0.0 1.0 0.0 0.0 0.0
0.717000000 -0.198107794557 -2.0 0.0 1.0 0.0 0.0 0.0
0.718000000 -0.198116460349 -2.0 0.0 1.0 0.0 0.0 0.0
0.719000000 -0.198127618298 -2.0 0.0 1.0 0.0 0.0 0.0
0.720000000 -0.198141288261 -2.0 0.0 1.0 0.0 0.0 0.0
0.721000000 -0.198157490069 -2.0 0.0 1.0 0.0 0.0 0.0
0.722000000 -0.198176243524 -2.0 0.0 1.0 0.0 0.0 0.0
0.723000000 -0.198197568403 -2.0 0.0 1.0 0.0 0.0 0.0
0.723530732 -0.198209937513 -2.0 0.0 1.0 0.0 0.0 0.0
0.724000000 -0.198221484455 -2.0 0.0 1.0 0.0 0.0 0.0
0.725000000 -0.198248011404 -2.0 0.0 1.0 0.0 0.0 0.0
0.726000000 -0.198277168943 -2.0 0.0 1.0 0.0 0.0 0.0
0.727000000 -0.198308976744 -2.0 0.0 1.0 0.0 0.0 0.0
0.728000000 -0.198343454446 -2.0 0.0 1.0 0.0 0.0 0.0
0.729000000 -0.198380621666 -2.0 0.0 1.0 0.0 0.0 0.0
0.730000000 -0.198420497993 -2.0 0.0 1.0 0.0 0.0 0.0
0.731000000 -0.198463102986 -2.0 0.0 1.0 0.0 0.0 0.0
0.732000000 -0.198508456182 -2.0 0.0 1.0 0.0 0.0 0.0
0.733000000 -0.198556577087 -2.0 0.0 1.0 0.0 0.0 0.0
0.734000000 -0.198607485182 -2.0 0.0 1.0 0.0 0.0 0.0
0.735000000 -0.198661199922 -2.0 0.0 1.0 0.0 0.0 0.0
0.736000000 -0.198717740733 -2.0 0.0 1.0 0.0 0.0 0.0
0.737000000 -0.198777127017 -2.0 0.0 1.0 0.0 0.0 0.0
0.738000000 -0.198839378145 -2.0 0.0 1.0 0.0 0.0 0.0
0.739000000 -0.198904513466 -2.0 0.0 1.0 0.0 0.0 0.0
0.740000000 -0.198972552298 -2.0 0.0 1.0 0.0 0.0 0.0
0.741000000 -0.199043513934 -2.0 0.0 1.0 0.0 0.0 0.0
0.742000000 -0.199117417641 -2.0 0.0 1.0 0.0 0.0 0.0
0.743000000 -0.199194282657 -2.0 0.0 1.0 0.0 0.0 0.0
0.744000000 -0.199274128195 -2.0 0.0 1.0 0.0 0.0 0.0
0.745000000 -0.19935697344 -2.0 0.0 1.0 0.0 0.0 0.0
0.746000000 -0.19944283755 -2.0 0.0 1.0 0.0 0.0 0.0
0.747000000 -0.199531739658 -2.0 0.0 1.0 0.0 0.0 0.0
0.748000000 -0.199623698868 -2.0 0.0 1.0 0.0 0.0 0.0
0.749000000 -0.199718734258 -2.0 0.0 1.0 0.0 0.0 0.0
0.750000000 -0.19981686488 -2.0 0.0 1.0 0.0 0.0 0.0
0.751000000 -0.199918109756 -2.0 0.0 1.0 0.0 0.0 0.0
0.752000000 -0.200022487886 -2.0 0.0 1.0 0.0 0.0 0.0
0.753000000 -0.200130018239 -2.0 0.0 1.0 0.0 0.0 0.0
0.754000000 -0.200240719759 -2.0 0.0 1.0 0.0 0.0 0.0
0.755000000 -0.200354611363 -2.0 0.0 1.0 0.0 0.0 0.0
0.756000000 -0.200471711941 -2.0 0.0 1.0 0.0 0.0 0.0
0.757000000 -0.200592040355 -2.0 0.0 1.0 0.0 0.0 0.0
0.758000000 -0.200715615443 -2.0 0.0 1.0 0.0 0.0 0.0
0.759000000 -0.200842456013 -2.0 0.0 1.0 0.0 0.0 0.0
0.760000000 -0.200972580848 -2.0 0.0 1.0 0.0 0.0 0.0
0.761000000 -0.201106008703 -2.0 0.0 1.0 0.0 0.0 0.0
0.762000000 -0.201242758308 -2.0 0.0 1.0 0.0 0.0 0.0
0.763000000 -0.201382848364 -2.0 0.0 1.0 0.0 0.0 0.0
0.764000000 -0.201526297547 -2.0 0.0 1.0 0.0 0.0 0.0
0.765000000 -0.201673124504 -2.0 0.0 1.0 0.0 0.0 0.0
0.766000000 -0.201823347858 -2.0 0.0 1.0 0.0 0.0 0.0
0.767000000 -0.201976986201 -2.0 0.0 1.0 0.0 0.0 0.0
0.768000000 -0.202134058103 -2.0 0.0 1.0 0.0 0.0 0.0
0.769000000 -0.202294582104 -2.0 0.0 1.0 0.0 0.0 0.0
0.770000000 -0.202458576717 -2.0 0.0 1.0 0.0 0.0 0.0
0.771000000 -0.202626060431 -2.0 0.0 1.0 0.0 0.0 0.0
0.772000000 -0.202797051704 -2.0 0.0 1.0 0.0 0.0 0.0
0.773000000 -0.20297156897 -2.0 0.0 1.0 0.0 0.0 0.0
0.773530732 -0.203065629614 -2.0 0.0 1.0 0.0 0.0 0.0
0.774000000 -0.203149630637 -2.0 0.0 1.0 0.0 0.0 0.0
0.775000000 -0.203331255083 -2.0 0.0 1.0 0.0 0.0 0.0
0.776000000 -0.203516460661 -2.0 0.0 1.0 0.0 0.0 0.0
0.777000000 -0.203705265697 -2.0 0.0 1.0 0.0 0.0 0.0
0.778000000 -0.203897688491 -2.0 0.0 1.0 0.0 0.0 0.0
0.779000000 -0.204093747314 -2.0 0.0 1.0 0.0 0.0 0.0
0.780000000 -0.204293460411 -2.0 0.0 1.0 0.0 0.0 0.0
0.781000000 -0.204496846002 -2.0 0.0 1.0 0.0 0.0 0.0
0.782000000 -0.204703922277 -2.0 0.0 1.0 0.0 0.0 0.0
0.783000000 -0.204914707402 -2.0 0.0 1.0 0.0 0.0 0.0
0.784000000 -0.205129219514 -2.0 0.0 1.0 0.0 0.0 0.0
0.785000000 -0.205347476724 -2.0 0.0 1.0 0.0 0.0 0.0
0.786000000 -0.205569497117 -2.0 0.0 1.0 0.0 0.0 0.0
0.787000000 -0.20579529875 -2.0 0.0 1.0 0.0 0.0 0.0
0.788000000 -0.206024899653 -2.0 0.0 1.0 0.0 0.0 0.0
0.789000000 -0.20625831783 -2.0 0.0 1.0 0.0 0.0 0.0
0.790000000 -0.206495571258 -2.0 0.0 1.0 0.0 0.0 0.0
0.791000000 -0.206736677886 -2.0 0.0 1.0 0.0 0.0 0.0
0.792000000 -0.206981655637 -2.0 0.0 1.0 0.0 0.0 0.0
0.793000000 -0.207230522408 -2.0 0.0 1.0 0.0 0.0 0.0
0.794000000 -0.207483296068 -2.0 0.0 1.0 0.0 0.0 0.0
0.795000000 -0.20773999446 -2.0 0.0 1.0 0.0 0.0 0.0
0.796000000 -0.208000635398 -2.0 0.0 1.0 0.0 0.0 0.0
0.797000000 -0.208265236672 -2.0 0.0 1.0 0.0 0.0 0.0
0.798000000 -0.208533816044 -2.0 0.0 1.0 0.0 0.0 0.0
0.799000000 -0.208806391248 -2.0 0.0 1.0 0.0 0.0 0.0
0.800000000 -0.209082979992 -2.0 0.0 1.0 0.0 0.0 0.0
0.801000000 -0.209363599959 -2.0 0.0 1.0 0.0 0.0 0.0
0.801593798 -0.20953214638 -2.0 0.0 1.0 0.0 0.0 0.0
0.802000000 -0.209648268801 -2.0 0.0 1.0 0.0 0.0 0.0
0.803000000 -0.209937004148 -2.0 0.0 1.0 0.0 0.0 0.0
0.804000000 -0.210229823599 -2.0 0.0 1.0 0.0 0.0 0.0
0.805000000 -0.210526744729 -2.0 0.0 1.0 0.0 0.0 0.0
0.806000000 -0.210827785084 -2.0 0.0 1.0 0.0 0.0 0.0
0.807000000 -0.211132962184 -2.0 0.0 1.0 0.0 0.0 0.0
0.808000000 -0.211442293523 -2.0 0.0 1.0 0.0 0.0 0.0
0.809000000 -0.211755796567 -2.0 0.0 1.0 0.0 0.0 0.0
0.810000000 -0.212073488756 -2.0 0.0 1.0 0.0 0.0 0.0
0.811000000 -0.212395387503 -2.0 0.0 1.0 0.0 0.0 0.0
0.812000000 -0.212721510192 -2.0 0.0 1.0 0.0 0.0 0.0
0.813000000 -0.213051874184 -2.0 0.0 1.0 0.0 0.0 0.0
0.814000000 -0.21338649681 -2.0 0.0 1.0 0.0 0.0 0.0
0.815000000 -0.213725395375 -2.0 0.0 1.0 0.0 0.0 0.0
0.816000000 -0.214068587159 -2.0 0.0 1.0 0.0 0.0 0.0
0.817000000 -0.214416089411 -2.0 0.0 1.0 0.0 0.0 0.0
0.818000000 -0.214767919358 -2.0 0.0 1.0 0.0 0.0 0.0
0.819000000 -0.215124094197 -2.0 0.0 1.0 0.0 0.0 0.0
0.819134653 -0.215172387257 -2.0 0.0 1.0 0.0 0.0 0.0
0.820000000 -0.215484631098 -2.0 0.0 1.0 0.0 0.0 0.0
0.821000000 -0.215849547207 -2.0 0.0 1.0 0.0 0.0 0.0
0.822000000 -0.216218859639 -2.0 0.0 1.0 0.0 0.0 0.0
0.823000000 -0.216592585486 -2.0 0.0 1.0 0.0 0.0 0.0
0.824000000 -0.216970741811 -2.0 0.0 1.0 0.0 0.0 0.0
0.825000000 -0.217353345651 -2.0 0.0 1.0 0.0 0.0 0.0
0.826000000 -0.217740414015 -2.0 0.0 1.0 0.0 0.0 0.0
0.827000000 -0.218131963887 -2.0 0.0 1.0 0.0 0.0 0.0
0.828000000 -0.218528012222 -2.0 0.0 1.0 0.0 0.0 0.0
0.829000000 -0.218928575949 -2.0 0.0 1.0 0.0 0.0 0.0
0.830000000 -0.219333671972 -2.0 0.0 1.0 0.0 0.0 0.0
0.831000000 -0.219743317165 -2.0 0.0 1.0 0.0 0.0 0.0
0.832000000 -0.220157528378 -2.0 0.0 1.0 0.0 0.0 0.0
0.833000000 -0.220576322431 -2.0 0.0 1.0 0.0 0.0 0.0
0.833064535 -0.220603507394 -2.0 0.0 1.0 0.0 0.0 0.0
0.834000000 -0.22099971612 -2.0 0.0 1.0 0.0 0.0 0.0
0.835000000 -0.221427726213 -2.0 0.0 1.0 0.0 0.0 0.0
0.836000000 -0.221860369452 -2.0 0.0 1.0 0.0 0.0 0.0
0.837000000 -0.222297662549 -2.0 0.0 1.0 0.0 0.0 0.0
0.838000000 -0.222739622194 -2.0 0.0 1.0 0.0 0.0 0.0
0.839000000 -0.223186265046 -2.0 0.0 1.0 0.0 0.0 0.0
0.840000000 -0.223637607739 -2.0 0.0 1.0 0.0 0.0 0.0
0.841000000 -0.224093666881 -2.0 0.0 1.0 0.0 0.0 0.0
0.842000000 -0.22455445905 -2.0 0.0 1.0 0.0 0.0 0.0
0.843000000 -0.225020000802 -2.0 0.0 1.0 0.0 0.0 0.0
0.844000000 -0.225490308661 -2.0 0.0 1.0 0.0 0.0 0.0
0.844930084 -0.225932027009 -2.0 0.0 1.0 0.0 0.0 0.0
0.845000000 -0.225965399127 -2.0 0.0 1.0 0.0 0.0 0.0
0.846000000 -0.226445288673 -2.0 0.0 1.0 0.0 0.0 0.0
0.847000000 -0.226929993744 -2.0 0.0 1.0 0.0 0.0 0.0
0.848000000 -0.22741953076 -2.0 0.0 1.0 0.0 0.0 0.0
0.849000000 -0.227913916113 -2.0 0.0 1.0 0.0 0.0 0.0
0.850000000 -0.228413166167 -2.0 0.0 1.0 0.0 0.0 0.0
0.851000000 -0.228917297261 -2.0 0.0 1.0 0.0 0.0 0.0
0.852000000 -0.229426325706 -2.0 0.0 1.0 0.0 0.0 0.0
0.853000000 -0.229940267787 -2.0 0.0 1.0 0.0 0.0 0.0
0.854000000 -0.230459139762 -2.0 0.0 1.0 0.0 0.0 0.0
0.855000000 -0.230982957862 -2.0 0.0 1.0 0.0 0.0 0.0
0.855408928 -0.231198590878 -2.0 0.0 1.0 0.0 0.0 0.0
0.856000000 -0.23151173829 -2.0 0.0 1.0 0.0 0.0 0.0
0.857000000 -0.232045497224 -2.0 0.0 1.0 0.0 0.0 0.0
0.858000000 -0.232584250814 -2.0 0.0 1.0 0.0 0.0 0.0
0.859000000 -0.233128015183 -2.0 0.0 1.0 0.0 0.0 0.0
0.860000000 -0.233676806429 -2.0 0.0 1.0 0.0 0.0 0.0
0.861000000 -0.23423064062 -2.0 0.0 1.0 0.0 0.0 0.0
0.862000000 -0.234789533799 -2.0 0.0 1.0 0.0 0.0 0.0
0.863000000 -0.235353501984 -2.0 0.0 1.0 0.0 0.0 0.0
0.864000000 -0.235922561162 -2.0 0.0 1.0 0.0 0.0 0.0
0.864872761 -0.236423386921 -2.0 0.0 1.0 0.0 0.0 0.0
0.865000000 -0.236496727296 -2.0 0.0 1.0 0.0 0.0 0.0
0.866000000 -0.237076016321 -2.0 0.0 1.0 0.0 0.0 0.0
0.867000000 -0.237660444146 -2.0 0.0 1.0 0.0 0.0 0.0
0.868000000 -0.238250026653 -2.0 0.0 1.0 0.0 0.0 0.0
0.869000000 -0.238844779697 -2.0 0.0 1.0 0.0 0.0 0.0
0.870000000 -0.239444719105 -2.0 0.0 1.0 0.0 0.0 0.0
0.871000000 -0.240049860679 -2.0 0.0 1.0 0.0 0.0 0.0
0.872000000 -0.240660220192 -2.0 0.0 1.0 0.0 0.0 0.0
0.873000000 -0.241275813393 -2.0 0.0 1.0 0.0 0.0 0.0
0.873552212 -0.241618000179 -2.0 0.0 1.0 0.0 0.0 0.0
0.874000000 -0.241896656001 -2.0 0.0 1.0 0.0 0.0 0.0
0.875000000 -0.242522763712 -2.0 0.0 1.0 0.0 0.0 0.0
0.876000000 -0.24315415219 -2.0 0.0 1.0 0.0 0.0 0.0
0.877000000 -0.243790837077 -2.0 0.0 1.0 0.0 0.0 0.0
0.878000000 -0.244432833985 -2.0 0.0 1.0 0.0 0.0 0.0
0.879000000 -0.2450801585 -2.0 0.0 1.0 0.0 0.0 0.0
0.880000000 -0.245732826183 -2.0 0.0 1.0 0.0 0.0 0.0
0.881000000 -0.246390852565 -2.0 0.0 1.0 0.0 0.0 0.0
0.881602231 -0.246789728512 -2.0 0.0 1.0 0.0 0.0 0.0
0.882000000 -0.247054253152 -2.0 0.0 1.0 0.0 0.0 0.0
0.883000000 -0.247723043424 -2.0 0.0 1.0 0.0 0.0 0.0
0.884000000 -0.248397238831 -2.0 0.0 1.0 0.0 0.0 0.0
0.885000000 -0.2490768548 -2.0 0.0 1.0 0.0 0.0 0.0
0.886000000 -0.249761906727 -2.0 0.0 1.0 0.0 0.0 0.0
0.887000000 -0.250452409986 -2.0 0.0 1.0 0.0 0.0 0.0
0.888000000 -0.251148379919 -2.0 0.0 1.0 0.0 0.0 0.0
0.889000000 -0.251849831845 -2.0 0.0 1.0 0.0 0.0 0.0
0.889132915 -0.251943479363 -2.0 0.0 1.0 0.0 0.0 0.0
0.890000000 -0.252556781055 -2.0 0.0 1.0 0.0 0.0 0.0
0.891000000 -0.253269242813 -2.0 0.0 1.0 0.0 0.0 0.0
0.892000000 -0.253987232355 -2.0 0.0 1.0 0.0 0.0 0.0
0.893000000 -0.254710764892 -2.0 0.0 1.0 0.0 0.0 0.0
0.894000000 -0.255439855607 -2.0 0.0 1.0 0.0 0.0 0.0
0.895000000 -0.256174519656 -2.0 0.0 1.0 0.0 0.0 0.0
0.896000000 -0.25691477217 -2.0 0.0 1.0 0.0 0.0 0.0
0.896225829 -0.25708271815 -2.0 0.0 1.0 0.0 0.0 0.0
0.897000000 -0.257660628251 -2.0 0.0 1.0 0.0 0.0 0.0
0.898000000 -0.258412102976 -2.0 0.0 1.0 0.0 0.0 0.0
0.899000000 -0.259169211392 -2.0 0.0 1.0 0.0 0.0 0.0
0.900000000 -0.259931968522 -2.0 0.0 1.0 0.0 0.0 0.0
0.901000000 -0.260700389362 -2.0 0.0 1.0 0.0 0.0 0.0
0.902000000 -0.26147448888 -2.0 0.0 1.0 0.0 0.0 0.0
0.902943391 -0.262209987015 -2.0 0.0 1.0 0.0 0.0 0.0
0.903000000 -0.262254282018 -2.0 0.0 1.0 0.0 0.0 0.0
0.904000000 -0.26303978369 -2.0 0.0 1.0 0.0 0.0 0.0
0.905000000 -0.263831008785 -2.0 0.0 1.0 0.0 0.0 0.0
0.906000000 -0.264627972162 -2.0 0.0 1.0 0.0 0.0 0.0
0.907000000 -0.265430688658 -2.0 0.0 1.0 0.0 0.0 0.0
0.908000000 -0.266239173078 -2.0 0.0 1.0 0.0 0.0 0.0
0.909000000 -0.267053440204 -2.0 0.0 1.0 0.0 0.0 0.0
0.909334622 -0.267327206231 -2.0 0.0 1.0 0.0 0.0 0.0
0.910000000 -0.267873504789 -2.0 0.0 1.0 0.0 0.0 0.0
0.911000000 -0.268699381559 -2.0 0.0 1.0 0.0 0.0 0.0
0.912000000 -0.269531085216 -2.0 0.0 1.0 0.0 0.0 0.0
0.913000000 -0.27036863043 -2.0 0.0 1.0 0.0 0.0 0.0
0.914000000 -0.27121203185 -2.0 0.0 1.0 0.0 0.0 0.0
0.915000000 -0.272061304093 -2.0 0.0 1.0 0.0 0.0 0.0
0.915438851 -0.272435865533 -2.0 0.0 1.0 0.0 0.0 0.0
0.916000000 -0.272916461754 -2.0 0.0 1.0 0.0 0.0 0.0
0.917000000 -0.273777519396 -2.0 0.0 1.0 0.0 0.0 0.0
0.918000000 -0.274644491559 -2.0 0.0 1.0 0.0 0.0 0.0
0.919000000 -0.275517392755 -2.0 0.0 1.0 0.0 0.0 0.0
0.920000000 -0.276396237469 -2.0 0.0 1.0 0.0 0.0 0.0
0.921000000 -0.277281040158 -2.0 0.0 1.0 0.0 0.0 0.0
0.921288193 -0.277537142911 -2.0 0.0 1.0 0.0 0.0 0.0
0.922000000 -0.278171815255 -2.0 0.0 1.0 0.0 0.0 0.0
0.923000000 -0.279068577164 -2.0 0.0 1.0 0.0 0.0 0.0
0.924000000 -0.279971340261 -2.0 0.0 1.0 0.0 0.0 0.0
0.925000000 -0.280880118899 -2.0 0.0 1.0 0.0 0.0 0.0
0.926000000 -0.2817949274 -2.0 0.0 1.0 0.0 0.0 0.0
0.926909276 -0.282631987072 -2.0 0.0 1.0 0.0 0.0 0.0
0.927000000 -0.282715780062 -2.0 0.0 1.0 0.0 0.0 0.0
0.928000000 -0.283642691155 -2.0 0.0 1.0 0.0 0.0 0.0
0.929000000 -0.284575674923 -2.0 0.0 1.0 0.0 0.0 0.0
0.930000000 -0.28551474558 -2.0 0.0 1.0 0.0 0.0 0.0
0.931000000 -0.286459917318 -2.0 0.0 1.0 0.0 0.0 0.0
0.932000000 -0.287411204299 -2.0 0.0 1.0 0.0 0.0 0.0
0.932324458 -0.287721173433 -2.0 0.0 1.0 0.0 0.0 0.0
0.933000000 -0.288368620659 -2.0 0.0 1.0 0.0 0.0 0.0
0.934000000 -0.289332180505 -2.0 0.0 1.0 0.0 0.0 0.0
0.935000000 -0.290301897899 -2.0 0.0 1.0 0.0 0.0 0.0
0.936000000 -0.291277786808 -2.0 0.0 1.0 0.0 0.0 0.0
0.937000000 -0.2922598611 -2.0 0.0 1.0 0.0 0.0 0.0
0.937552730 -0.292805342624 -2.0 0.0 1.0 0.0 0.0 0.0
0.938000000 -0.293248134541 -2.0 0.0 1.0 0.0 0.0 0.0
0.939000000 -0.294242620795 -2.0 0.0 1.0 0.0 0.0 0.0
0.940000000 -0.295243333426 -2.0 0.0 1.0 0.0 0.0 0.0
0.941000000 -0.296250285896 -2.0 0.0 1.0 0.0 0.0 0.0
0.942000000 -0.297263491565 -2.0 0.0 1.0 0.0 0.0 0.0
0.942610386 -0.297885017392 -2.0 0.0 1.0 0.0 0.0 0.0
0.943000000 -0.298282963695 -2.0 0.0 1.0 0.0 0.0 0.0
0.944000000 -0.299308715442 -2.0 0.0 1.0 0.0 0.0 0.0
0.945000000 -0.300340759864 -2.0 0.0 1.0 0.0 0.0 0.0
0.946000000 -0.301379109917 -2.0 0.0 1.0 0.0 0.0 0.0
0.947000000 -0.302423778456 -2.0 0.0 1.0 0.0 0.0 0.0
0.947511557 -0.302960633693 -2.0 0.0 1.0 0.0 0.0 0.0
0.948000000 -0.303474778234 -2.0 0.0 1.0 0.0 0.0 0.0
0.949000000 -0.304532121903 -2.0 0.0 1.0 0.0 0.0 0.0
0.950000000 -0.305595822014 -2.0 0.0 1.0 0.0 0.0 0.0
0.951000000 -0.306665891016 -2.0 0.0 1.0 0.0 0.0 0.0
0.952000000 -0.307742341258 -2.0 0.0 1.0 0.0 0.0 0.0
0.952268603 -0.308032567819 -2.0 0.0 1.0 0.0 0.0 0.0
0.953000000 -0.308825184987 -2.0 0.0 1.0 0.0 0.0 0.0
0.954000000 -0.309914434349 -2.0 0.0 1.0 0.0 0.0 0.0
0.955000000 -0.311010101388 -2.0 0.0 1.0 0.0 0.0 0.0
0.956000000 -0.312112198048 -2.0 0.0 1.0 0.0 0.0 0.0
0.956892397 -0.313101145514 -2.0 0.0 1.0 0.0 0.0 0.0
0.957000000 -0.31322073617 -2.0 0.0 1.0 0.0 0.0 0.0
0.958000000 -0.314335727496 -2.0 0.0 1.0 0.0 0.0 0.0
0.959000000 -0.315457183665 -2.0 0.0 1.0 0.0 0.0 0.0
0.960000000 -0.316585116215 -2.0 0.0 1.0 0.0 0.0 0.0
0.961000000 -0.317719536583 -2.0 0.0 1.0 0.0 0.0 0.0
0.961392570 -0.318166652125 -2.0 0.0 1.0 0.0 0.0 0.0
0.962000000 -0.318860456106 -2.0 0.0 1.0 0.0 0.0 0.0
0.963000000 -0.320007886016 -2.0 0.0 1.0 0.0 0.0 0.0
0.964000000 -0.321161837449 -2.0 0.0 1.0 0.0 0.0 0.0
0.965000000 -0.322322321435 -2.0 0.0 1.0 0.0 0.0 0.0
0.965777687 -0.3232293376 -2.0 0.0 1.0 0.0 0.0 0.0
0.966000000 -0.323489348906 -2.0 0.0 1.0 0.0 0.0 0.0
0.967000000 -0.32466293069 -2.0 0.0 1.0 0.0 0.0 0.0
0.968000000 -0.325843077517 -2.0 0.0 1.0 0.0 0.0 0.0
0.969000000 -0.327029800012 -2.0 0.0 1.0 0.0 0.0 0.0
0.970000000 -0.328223108703 -2.0 0.0 1.0 0.0 0.0 0.0
0.970055410 -0.328289423053 -2.0 0.0 1.0 0.0 0.0 0.0
0.971000000 -0.329423014012 -2.0 0.0 1.0 0.0 0.0 0.0
0.972000000 -0.330629526264 -2.0 0.0 1.0 0.0 0.0 0.0
0.973000000 -0.33184265568 -2.0 0.0 1.0 0.0 0.0 0.0
0.974000000 -0.333062412381 -2.0 0.0 1.0 0.0 0.0 0.0
0.974232620 -0.333347104546 -2.0 0.0 1.0 0.0 0.0 0.0
0.975000000 -0.334288806387 -2.0 0.0 1.0 0.0 0.0 0.0
0.976000000 -0.335521847614 -2.0 0.0 1.0 0.0 0.0 0.0
0.977000000 -0.336761545882 -2.0 0.0 1.0 0.0 0.0 0.0
0.978000000 -0.338007910904 -2.0 0.0 1.0 0.0 0.0 0.0
0.978315526 -0.338402557295 -2.0 0.0 1.0 0.0 0.0 0.0
0.979000000 -0.339260952295 -2.0 0.0 1.0 0.0 0.0 0.0
0.980000000 -0.340520679569 -2.0 0.0 1.0 0.0 0.0 0.0
0.981000000 -0.341787102137 -2.0 0.0 1.0 0.0 0.0 0.0
0.982000000 -0.34306022931 -2.0 0.0 1.0 0.0 0.0 0.0
0.982309746 -0.343455937841 -2.0 0.0 1.0 0.0 0.0 0.0
0.983000000 -0.344340070297 -2.0 0.0 1.0 0.0 0.0 0.0
0.984000000 -0.345626634207 -2.0 0.0 1.0 0.0 0.0 0.0
0.985000000 -0.346919930046 -2.0 0.0 1.0 0.0 0.0 0.0
0.986000000 -0.348219966719 -2.0 0.0 1.0 0.0 0.0 0.0
0.986220388 -0.34850738667 -2.0 0.0 1.0 0.0 0.0 0.0
0.987000000 -0.349526753031 -2.0 0.0 1.0 0.0 0.0 0.0
0.988000000 -0.350840297685 -2.0 0.0 1.0 0.0 0.0 0.0
0.989000000 -0.352160609284 -2.0 0.0 1.0 0.0 0.0 0.0
0.990000000 -0.353487696326 -2.0 0.0 1.0 0.0 0.0 0.0
0.990052105 -0.353557030605 -2.0 0.0 1.0 0.0 0.0 0.0
0.991000000 -0.354821567212 -2.0 0.0 1.0 0.0 0.0 0.0
0.992000000 -0.35616223024 -2.0 0.0 1.0 0.0 0.0 0.0
0.993000000 -0.357509693606 -2.0 0.0 1.0 0.0 0.0 0.0
0.993809156 -0.358604984768 -2.0 0.0 1.0 0.0 0.0 0.0
0.994000000 -0.358863965405 -2.0 0.0 1.0 0.0 0.0 0.0
0.995000000 -0.360225053633 -2.0 0.0 1.0 0.0 0.0 0.0
0.996000000 -0.361592966182 -2.0 0.0 1.0 0.0 0.0 0.0
0.997000000 -0.362967710844 -2.0 0.0 1.0 0.0 0.0 0.0
0.997495444 -0.363651353259 -2.0 0.0 1.0 0.0 0.0 0.0
0.998000000 -0.364349295309 -2.0 0.0 1.0 0.0 0.0 0.0
0.999000000 -0.365737727167 -2.0 0.0 1.0 0.0 0.0 0.0
1.000000000 -0.367133013905 -2.0 0.0 1.0 0.0 0.0 0.0
1.001000000 -0.36853516291 -2.0 0.0 1.0 0.0 0.0 0.0
1.001114559 -0.368696230781 -2.0 0.0 1.0 0.0 0.0 0.0
1.002000000 -0.369944181468 -2.0 0.0 1.0 0.0 0.0 0.0
1.003000000 -0.371360076762 -2.0 0.0 1.0 0.0 0.0 0.0
1.004000000 -0.372782855876 -2.0 0.0 1.0 0.0 0.0 0.0
1.004669812 -0.373739704279 -2.0 0.0 1.0 0.0 0.0 0.0
1.005000000 -0.374212525792 -2.0 0.0 1.0 0.0 0.0 0.0
1.006000000 -0.375649093388 -2.0 0.0 1.0 0.0 0.0 0.0
1.006999999 -0.377092565446 -2.0 0.0 1.0 0.0 0.0 0.0
1.007999999 -0.378542948643 -2.0 0.0 1.0 0.0 0.0 0.0
1.008164261 -0.378781852548 -2.0 0.0 1.0 0.0 0.0 0.0
1.008999999 -0.380000249555 -2.0 0.0 1.0 0.0 0.0 0.0
1.009999999 -0.381464474657 -2.0 0.0 1.0 0.0 0.0 0.0
1.010999999 -0.382935630325 -2.0 0.0 1.0 0.0 0.0 0.0
1.011600740 -0.383822748631 -2.0 0.0 1.0 0.0 0.0 0.0
1.011999999 -0.38441372283 -2.0 0.0 1.0 0.0 0.0 0.0
1.012999999 -0.385898758344 -2.0 0.0 1.0 0.0 0.0 0.0
1.013999999 -0.387390742938 -2.0 0.0 1.0 0.0 0.0 0.0
1.014981880 -0.388862460212 -2.0 0.0 1.0 0.0 0.0 0.0
1.014999999 -0.38888968258 -2.0 0.0 1.0 0.0 0.0 0.0
1.015999999 -0.390395583139 -2.0 0.0 1.0 0.0 0.0 0.0
1.016999999 -0.391908450381 -2.0 0.0 1.0 0.0 0.0 0.0
1.017999999 -0.393428289972 -2.0 0.0 1.0 0.0 0.0 0.0
1.018310125 -0.393901047924 -2.0 0.0 1.0 0.0 0.0 0.0
1.018999999 -0.394955107475 -2.0 0.0 1.0 0.0 0.0 0.0
1.019999999 -0.396488908353 -2.0 0.0 1.0 0.0 0.0 0.0
1.020999999 -0.398029697967 -2.0 0.0 1.0 0.0 0.0 0.0
1.021587755 -0.398938569157 -2.0 0.0 1.0 0.0 0.0 0.0
1.021999999 -0.399577481579 -2.0 0.0 1.0 0.0 0.0 0.0
1.022999999 -0.401132264347 -2.0 0.0 1.0 0.0 0.0 0.0
1.023999999 -0.402694051328 -2.0 0.0 1.0 0.0 0.0 0.0
1.024816900 -0.403975077182 -2.0 0.0 1.0 0.0 0.0 0.0
1.024999999 -0.40426284748 -2.0 0.0 1.0 0.0 0.0 0.0
1.025999999 -0.405838657657 -2.0 0.0 1.0 0.0 0.0 0.0
1.026999999 -0.407421486614 -2.0 0.0 1.0 0.0 0.0 0.0
1.027999549 -0.409010620541 -2.0 0.0 1.0 0.0 0.0 0.0
1.027999999 -0.409011339003 -2.0 0.0 1.0 0.0 0.0 0.0
1.028999999 -0.410608219375 -2.0 0.0 1.0 0.0 0.0 0.0
1.029999999 -0.412212132181 -2.0 0.0 1.0 0.0 0.0 0.0
1.030999999 -0.413823081771 -2.0 0.0 1.0 0.0 0.0 0.0
1.031137566 -0.414045245224 -2.0 0.0 1.0 0.0 0.0 0.0
1.031999999 -0.41544107239 -2.0 0.0 1.0 0.0 0.0 0.0
1.032999999 -0.417066108187 -2.0 0.0 1.0 0.0 0.0 0.0
1.033999999 -0.418698193205 -2.0 0.0 1.0 0.0 0.0 0.0
1.034232701 -0.419078993303 -2.0 0.0 1.0 0.0 0.0 0.0
1.034999999 -0.42033733139 -2.0 0.0 1.0 0.0 0.0 0.0
1.035999999 -0.421983526583 -2.0 0.0 1.0 0.0 0.0 0.0
1.036999999 -0.423636782527 -2.0 0.0 1.0 0.0 0.0 0.0
1.037286598 -0.424111905036 -2.0 0.0 1.0 0.0 0.0 0.0
1.037999999 -0.425297102861 -2.0 0.0 1.0 0.0 0.0 0.0
1.038999999 -0.426964491123 -2.0 0.0 1.0 0.0 0.0 0.0
1.039999999 -0.428638950753 -2.0 0.0 1.0 0.0 0.0 0.0
1.040300802 -0.429144016381 -2.0 0.0 1.0 0.0 0.0 0.0
1.040999999 -0.430320485085 -2.0 0.0 1.0 0.0 0.0 0.0
1.041999999 -0.432009097356 -2.0 0.0 1.0 0.0 0.0 0.0
1.042999999 -0.433704790699 -2.0 0.0 1.0 0.0 0.0 0.0
1.043276771 -0.43417536255 -2.0 0.0 1.0 0.0 0.0 0.0
1.043999999 -0.435407568146 -2.0 0.0 1.0 0.0 0.0 0.0
1.044999999 -0.43711743263 -2.0 0.0 1.0 0.0 0.0 0.0
1.045999999 -0.438834386979 -2.0 0.0 1.0 0.0 0.0 0.0
1.046215880 -0.439205974998 -2.0 0.0 1.0 0.0 0.0 0.0
1.046999999 -0.440558433924 -2.0 0.0 1.0 0.0 0.0 0.0
1.047999999 -0.44228957609 -2.0 0.0 1.0 0.0 0.0 0.0
1.048999999 -0.444027816006 -2.0 0.0 1.0 0.0 0.0 0.0
1.049119427 -0.444235884554 -2.0 0.0 1.0 0.0 0.0 0.0
1.049999999 -0.445773156095 -2.0 0.0 1.0 0.0 0.0 0.0
1.050999999 -0.447525598682 -2.0 0.0 1.0 0.0 0.0 0.0
1.051988641 -0.449265119486 -2.0 0.0 1.0 0.0 0.0 0.0
1.051999999 -0.449285145989 -2.0 0.0 1.0 0.0 0.0 0.0
1.052999999 -0.451051800138 -2.0 0.0 1.0 0.0 0.0 0.0
1.053999999 -0.452825563147 -2.0 0.0 1.0 0.0 0.0 0.0
1.054824683 -0.45429370708 -2.0 0.0 1.0 0.0 0.0 0.0
1.054999999 -0.454606436937 -2.0 0.0 1.0 0.0 0.0 0.0
1.055999999 -0.456394423325 -2.0 0.0 1.0 0.0 0.0 0.0
1.056999999 -0.458189524026 -2.0 0.0 1.0 0.0 0.0 0.0
1.057628658 -0.459321671953 -2.0 0.0 1.0 0.0 0.0 0.0
1.057999999 -0.459991740657 -2.0 0.0 1.0 0.0 0.0 0.0
1.058999999 -0.46180107473 -2.0 0.0 1.0 0.0 0.0 0.0
1.059999999 -0.463617527658 -2.0 0.0 1.0 0.0 0.0 0.0
1.060401610 -0.464349038149 -2.0 0.0 1.0 0.0 0.0 0.0
1.060999999 -0.465441100752 -2.0 0.0 1.0 0.0 0.0 0.0
1.061999999 -0.467271795222 -2.0 0.0 1.0 0.0 0.0 0.0
1.062999999 -0.469109612177 -2.0 0.0 1.0 0.0 0.0 0.0
1.063144533 -0.469375828361 -2.0 0.0 1.0 0.0 0.0 0.0
1.063999999 -0.470954552625 -2.0 0.0 1.0 0.0 0.0 0.0
1.064999999 -0.472806617471 -2.0 0.0 1.0 0.0 0.0 0.0
1.065858373 -0.474402063059 -2.0 0.0 1.0 0.0 0.0 0.0
1.065999999 -0.474665807521 -2.0 0.0 1.0 0.0 0.0 0.0
1.066999999 -0.476532123477 -2.0 0.0 1.0 0.0 0.0 0.0
1.067999999 -0.478405565943 -2.0 0.0 1.0 0.0 0.0 0.0
1.068544027 -0.479427762543 -2.0 0.0 1.0 0.0 0.0 0.0
1.068999999 -0.48028613542 -2.0 0.0 1.0 0.0 0.0 0.0
1.069999999 -0.482173832307 -2.0 0.0 1.0 0.0 0.0 0.0
1.070999999 -0.484068656903 -2.0 0.0 1.0 0.0 0.0 0.0
1.071202352 -0.484452946009 -2.0 0.0 1.0 0.0 0.0 0.0
1.071999999 -0.485970609406 -2.0 0.0 1.0 0.0 0.0 0.0
1.072999999 -0.487879689912 -2.0 0.0 1.0 0.0 0.0 0.0
1.073834165 -0.489477631239 -2.0 0.0 1.0 0.0 0.0 0.0
1.073999999 -0.489795898414 -2.0 0.0 1.0 0.0 0.0 0.0
1.074999999 -0.491719234808 -2.0 0.0 1.0 0.0 0.0 0.0
1.075999999 -0.493649698886 -2.0 0.0 1.0 0.0 0.0 0.0
1.076440244 -0.494501835109 -2.0 0.0 1.0 0.0 0.0 0.0
1.076999999 -0.495587290337 -2.0 0.0 1.0 0.0 0.0 0.0
1.077999999 -0.497532008753 -2.0 0.0 1.0 0.0 0.0 0.0
1.078999999 -0.499483853622 -2.0 0.0 1.0 0.0 0.0 0.0
1.079021335 -0.499525574054 -2.0 0.0 1.0 0.0 0.0 0.0
1.079999999 -0.501442824331 -2.0 0.0 1.0 0.0 0.0 0.0
1.080999999 -0.503408920166 -2.0 0.0 1.0 0.0 0.0 0.0
1.081578147 -0.504548863192 -2.0 0.0 1.0 0.0 0.0 0.0
1.081999999 -0.505382140312 -2.0 0.0 1.0 0.0 0.0 0.0
1.082999999 -0.507362483853 -2.0 0.0 1.0 0.0 0.0 0.0
1.083999999 -0.509349949771 -2.0 0.0 1.0 0.0 0.0 0.0
1.084111361 -0.509571717291 -2.0 0.0 1.0 0.0 0.0 0.0
1.084999999 -0.511344536946 -2.0 0.0 1.0 0.0 0.0 0.0
1.085999999 -0.513346244159 -2.0 0.0 1.0 0.0 0.0 0.0
1.086621628 -0.514594150404 -2.0 0.0 1.0 0.0 0.0 0.0
1.086999999 -0.515355070087 -2.0 0.0 1.0 0.0 0.0 0.0
1.087999999 -0.51737101331 -2.0 0.0 1.0 0.0 0.0 0.0
1.088999999 -0.519394072301 -2.0 0.0 1.0 0.0 0.0 0.0
1.089109571 -0.51961617529 -2.0 0.0 1.0 0.0 0.0 0.0
1.089999999 -0.521424245436 -2.0 0.0 1.0 0.0 0.0 0.0
1.090999999 -0.523461530989 -2.0 0.0 1.0 0.0 0.0 0.0
1.091575789 -0.524637805029 -2.0 0.0 1.0 0.0 0.0 0.0
1.091999999 -0.525505927132 -2.0 0.0 1.0 0.0 0.0 0.0
1.092999999 -0.527557431935 -2.0 0.0 1.0 0.0 0.0 0.0
1.093999999 -0.529616043368 -2.0 0.0 1.0 0.0 0.0 0.0
1.094020854 -0.529659050978 -2.0 0.0 1.0 0.0 0.0 0.0
1.094999999 -0.5316817593 -2.0 0.0 1.0 0.0 0.0 0.0
1.095999999 -0.533754577498 -2.0 0.0 1.0 0.0 0.0 0.0
1.096445317 -0.534679925507 -2.0 0.0 1.0 0.0 0.0 0.0
1.096999999 -0.535834495628 -2.0 0.0 1.0 0.0 0.0 0.0
1.097999999 -0.537921511255 -2.0 0.0 1.0 0.0 0.0 0.0
1.098849707 -0.539700439062 -2.0 0.0 1.0 0.0 0.0 0.0
1.098999999 -0.540015621841 -2.0 0.0 1.0 0.0 0.0 0.0
1.099999999 -0.542116824749 -2.0 0.0 1.0 0.0 0.0 0.0
1.100999999 -0.54422511724 -2.0 0.0 1.0 0.0 0.0 0.0
1.101234530 -0.544720601922 -2.0 0.0 1.0 0.0 0.0 0.0
1.101999999 -0.546340496474 -2.0 0.0 1.0 0.0 0.0 0.0
1.102999999 -0.548462959508 -2.0 0.0 1.0 0.0 0.0 0.0
1.103600276 -0.549740424723 -2.0 0.0 1.0 0.0 0.0 0.0
1.103999999 -0.550592503301 -2.0 0.0 1.0 0.0 0.0 0.0
1.104999999 -0.552729124707 -2.0 0.0 1.0 0.0 0.0 0.0
1.105947414 -0.55475991612 -2.0 0.0 1.0 0.0 0.0 0.0
1.105999999 -0.554872820482 -2.0 0.0 1.0 0.0 0.0 0.0
1.106999999 -0.557023587279 -2.0 0.0 1.0 0.0 0.0 0.0
1.107999999 -0.55918142165 -2.0 0.0 1.0 0.0 0.0 0.0
1.108276396 -0.559779085738 -2.0 0.0 1.0 0.0 0.0 0.0
1.108999999 -0.561346320045 -2.0 0.0 1.0 0.0 0.0 0.0
1.109999999 -0.563518278815 -2.0 0.0 1.0 0.0 0.0 0.0
1.110587659 -0.564797942709 -2.0 0.0 1.0 0.0 0.0 0.0
1.110999999 -0.565697294207 -2.0 0.0 1.0 0.0 0.0 0.0
1.111999999 -0.567883362368 -2.0 0.0 1.0 0.0 0.0 0.0
1.112881622 -0.569816495552 -2.0 0.0 1.0 0.0 0.0 0.0
1.112999999 -0.570076479346 -2.0 0.0 1.0 0.0 0.0 0.0
1.113999999 -0.572276641083 -2.0 0.0 1.0 0.0 0.0 0.0
1.114999999 -0.574483843423 -2.0 0.0 1.0 0.0 0.0 0.0
1.115158690 -0.57483475185 -2.0 0.0 1.0 0.0 0.0 0.0
1.115999999 -0.576698082108 -2.0 0.0 1.0 0.0 0.0 0.0
1.116999999 -0.57891935278 -2.0 0.0 1.0 0.0 0.0 0.0
1.117419253 -0.579852719356 -2.0 0.0 1.0 0.0 0.0 0.0
1.117999999 -0.581147650977 -2.0 0.0 1.0 0.0 0.0 0.0
1.118999999 -0.583382972137 -2.0 0.0 1.0 0.0 0.0 0.0
1.119663689 -0.584870406233 -2.0 0.0 1.0 0.0 0.0 0.0
1.119999999 -0.585625311598 -2.0 0.0 1.0 0.0 0.0 0.0
1.120999999 -0.587874664596 -2.0 0.0 1.0 0.0 0.0 0.0
1.121892361 -0.589887818739 -2.0 0.0 1.0 0.0 0.0 0.0
1.121999999 -0.590131026265 -2.0 0.0 1.0 0.0 0.0 0.0
1.122999999 -0.592394391637 -2.0 0.0 1.0 0.0 0.0 0.0
1.123999999 -0.594664755646 -2.0 0.0 1.0 0.0 0.0 0.0
1.124105621 -0.59490496425 -2.0 0.0 1.0 0.0 0.0 0.0
1.124999999 -0.596942113121 -2.0 0.0 1.0 0.0 0.0 0.0
1.125999999 -0.599226458793 -2.0 0.0 1.0 0.0 0.0 0.0
1.126303810 -0.599921849354 -2.0 0.0 1.0 0.0 0.0 0.0
1.126999999 -0.601517787288 -2.0 0.0 1.0 0.0 0.0 0.0
1.127999999 -0.603816093136 -2.0 0.0 1.0 0.0 0.0 0.0
1.128487254 -0.604938480489 -2.0 0.0 1.0 0.0 0.0 0.0
1.128999999 -0.60612137076 -2.0 0.0 1.0 0.0 0.0 0.0
1.129999999 -0.608433614485 -2.0 0.0 1.0 0.0 0.0 0.0
1.130656274 -0.609954863432 -2.0 0.0 1.0 0.0 0.0 0.0
1.130999999 -0.610752818535 -2.0 0.0 1.0 0.0 0.0 0.0
1.131999999 -0.613078977031 -2.0 0.0 1.0 0.0 0.0 0.0
1.132811175 -0.614971004465 -2.0 0.0 1.0 0.0 0.0 0.0
1.132999999 -0.615412083994 -2.0 0.0 1.0 0.0 0.0 0.0
1.133999999 -0.617752133343 -2.0 0.0 1.0 0.0 0.0 0.0
1.134952256 -0.619986908945 -2.0 0.0 1.0 0.0 0.0 0.0
1.134999999 -0.620099118897 -2.0 0.0 1.0 0.0 0.0 0.0
1.135999999 -0.622453034372 -2.0 0.0 1.0 0.0 0.0 0.0
1.136999999 -0.624813873384 -2.0 0.0 1.0 0.0 0.0 0.0
1.137079806 -0.6250025828 -2.0 0.0 1.0 0.0 0.0 0.0
1.137999999 -0.627181629447 -2.0 0.0 1.0 0.0 0.0 0.0
1.138999999 -0.629556295974 -2.0 0.0 1.0 0.0 0.0 0.0
1.139194105 -0.630018031485 -2.0 0.0 1.0 0.0 0.0 0.0
1.139999999 -0.631937866278 -2.0 0.0 1.0 0.0 0.0 0.0
1.140999999 -0.634326333568 -2.0 0.0 1.0 0.0 0.0 0.0
1.141295422 -0.635033259508 -2.0 0.0 1.0 0.0 0.0 0.0
1.141999999 -0.636721690954 -2.0 0.0 1.0 0.0 0.0 0.0
1.142999999 -0.639123931445 -2.0 0.0 1.0 0.0 0.0 0.0
1.143384021 -0.640048271876 -2.0 0.0 1.0 0.0 0.0 0.0
1.143999999 -0.641533047946 -2.0 0.0 1.0 0.0 0.0 0.0
1.144999999 -0.643949033263 -2.0 0.0 1.0 0.0 0.0 0.0
1.145460157 -0.645063073589 -2.0 0.0 1.0 0.0 0.0 0.0
1.145999999 -0.646371880101 -2.0 0.0 1.0 0.0 0.0 0.0
1.146999999 -0.648801581063 -2.0 0.0 1.0 0.0 0.0 0.0
1.147524078 -0.650077669505 -2.0 0.0 1.0 0.0 0.0 0.0
1.147999999 -0.65123812865 -2.0 0.0 1.0 0.0 0.0 0.0
1.148999999 -0.653681515263 -2.0 0.0 1.0 0.0 0.0 0.0
1.149576022 -0.655092063372 -2.0 0.0 1.0 0.0 0.0 0.0
1.149999999 -0.656131733201 -2.0 0.0 1.0 0.0 0.0 0.0
1.150999999 -0.658588774663 -2.0 0.0 1.0 0.0 0.0 0.0
1.151616225 -0.660106260029 -2.0 0.0 1.0 0.0 0.0 0.0
1.151999999 -0.661052631744 -2.0 0.0 1.0 0.0 0.0 0.0
1.152999999 -0.66352329644 -2.0 0.0 1.0 0.0 0.0 0.0
1.153644911 -0.665120263443 -2.0 0.0 1.0 0.0 0.0 0.0
1.153999999 -0.666000760646 -2.0 0.0 1.0 0.0 0.0 0.0
1.154999999 -0.668485016154 -2.0 0.0 1.0 0.0 0.0 0.0
1.155662301 -0.670134077563 -2.0 0.0 1.0 0.0 0.0 0.0
1.155999999 -0.670976054657 -2.0 0.0 1.0 0.0 0.0 0.0
1.156999999 -0.673473867744 -2.0 0.0 1.0 0.0 0.0 0.0
1.157668610 -0.675147706347 -2.0 0.0 1.0 0.0 0.0 0.0
1.157999999 -0.675978446905 -2.0 0.0 1.0 0.0 0.0 0.0
1.158999999 -0.678489783527 -2.0 0.0 1.0 0.0 0.0 0.0
1.159664045 -0.680161153621 -2.0 0.0 1.0 0.0 0.0 0.0
1.159999999 -0.681007868898 -2.0 0.0 1.0 0.0 0.0 0.0
1.160999999 -0.683532694203 -2.0 0.0 1.0 0.0 0.0 0.0
1.161648808 -0.685174422798 -2.0 0.0 1.0 0.0 0.0 0.0
1.161999999 -0.686064250525 -2.0 0.0 1.0 0.0 0.0 0.0
1.162999999 -0.688602528848 -2.0 0.0 1.0 0.0 0.0 0.0
1.163623097 -0.690187517674 -2.0 0.0 1.0 0.0 0.0 0.0
1.163999999 -0.691147520054 -2.0 0.0 1.0 0.0 0.0 0.0
1.164999999 -0.693699214922 -2.0 0.0 1.0 0.0 0.0 0.0
1.165587102 -0.695200441224 -2.0 0.0 1.0 0.0 0.0 0.0
1.165999999 -0.696257604133 -2.0 0.0 1.0 0.0 0.0 0.0
1.166999999 -0.698822678263 -2.0 0.0 1.0 0.0 0.0 0.0
1.167541011 -0.700213196844 -2.0 0.0 1.0 0.0 0.0 0.0
1.167999999 -0.701394427789 -2.0 0.0 1.0 0.0 0.0 0.0
1.168999999 -0.703972843087 -2.0 0.0 1.0 0.0 0.0 0.0
1.169485006 -0.705225788504 -2.0 0.0 1.0 0.0 0.0 0.0
1.169999999 -0.706557914431 -2.0 0.0 1.0 0.0 0.0 0.0
1.170999999 -0.709149631993 -2.0 0.0 1.0 0.0 0.0 0.0
1.171419262 -0.710238218101 -2.0 0.0 1.0 0.0 0.0 0.0
1.171999999 -0.711747985845 -2.0 0.0 1.0 0.0 0.0 0.0
1.172999999 -0.714352965958 -2.0 0.0 1.0 0.0 0.0 0.0
1.173343954 -0.715250489469 -2.0 0.0 1.0 0.0 0.0 0.0
1.173999999 -0.7169645622 -2.0 0.0 1.0 0.0 0.0 0.0
1.174999999 -0.71958276434 -2.0 0.0 1.0 0.0 0.0 0.0
1.175259248 -0.720262605594 -2.0 0.0 1.0 0.0 0.0 0.0
1.175999999 -0.722207562043 -2.0 0.0 1.0 0.0 0.0 0.0
1.176999999 -0.724838944875 -2.0 0.0 1.0 0.0 0.0 0.0
1.177165308 -0.725274569511 -2.0 0.0 1.0 0.0 0.0 0.0
1.177999999 -0.727476902301 -2.0 0.0 1.0 0.0 0.0 0.0
1.178999999 -0.730121423682 -2.0 0.0 1.0 0.0 0.0 0.0
1.179062295 -0.73028638319 -2.0 0.0 1.0 0.0 0.0 0.0
1.179999999 -0.732772498281 -2.0 0.0 1.0 0.0 0.0 0.0
1.180950365 -0.735298050377 -2.0 0.0 1.0 0.0 0.0 0.0
1.180999999 -0.735430115257 -2.0 0.0 1.0 0.0 0.0 0.0
1.181999999 -0.73809426367 -2.0 0.0 1.0 0.0 0.0 0.0
1.182829668 -0.740309572394 -2.0 0.0 1.0 0.0 0.0 0.0
1.182999999 -0.740764932477 -2.0 0.0 1.0 0.0 0.0 0.0
1.183999999 -0.743442110534 -2.0 0.0 1.0 0.0 0.0 0.0
1.184700353 -0.745320952348 -2.0 0.0 1.0 0.0 0.0 0.0
1.184999999 -0.746125786598 -2.0 0.0 1.0 0.0 0.0 0.0
1.185999999 -0.748815949322 -2.0 0.0 1.0 0.0 0.0 0.0
1.186562566 -0.750332192638 -2.0 0.0 1.0 0.0 0.0 0.0
1.186999999 -0.751512587258 -2.0 0.0 1.0 0.0 0.0 0.0
1.187999999 -0.754215688858 -2.0 0.0 1.0 0.0 0.0 0.0
1.188416448 -0.755343295796 -2.0 0.0 1.0 0.0 0.0 0.0
1.188999999 -0.756925242473 -2.0 0.0 1.0 0.0 0.0 0.0
1.189999999 -0.75964123635 -2.0 0.0 1.0 0.0 0.0 0.0
1.190262137 -0.76035426476 -2.0 0.0 1.0 0.0 0.0 0.0
1.190999999 -0.762363658638 -2.0 0.0 1.0 0.0 0.0 0.0
1.191999999 -0.765092497384 -2.0 0.0 1.0 0.0 0.0 0.0
1.192099768 -0.76536510049 -2.0 0.0 1.0 0.0 0.0 0.0
1.192999999 -0.767827740532 -2.0 0.0 1.0 0.0 0.0 0.0
1.193929472 -0.770375806504 -2.0 0.0 1.0 0.0 0.0 0.0
1.193999999 -0.770569375926 -2.0 0.0 1.0 0.0 0.0 0.0
1.194999999 -0.773317391309 -2.0 0.0 1.0 0.0 0.0 0.0
1.195751379 -0.7753863836 -2.0 0.0 1.0 0.0 0.0 0.0
1.195999999 -0.776071774322 -2.0 0.0 1.0 0.0 0.0 0.0
1.196999999 -0.778832512505 -2.0 0.0 1.0 0.0 0.0 0.0
1.197565614 -0.780396834851 -2.0 0.0 1.0 0.0 0.0 0.0
1.197999999 -0.781599593298 -2.0 0.0 1.0 0.0 0.0 0.0
1.198999999 -0.784373004037 -2.0 0.0 1.0 0.0 0.0 0.0
1.199372300 -0.785407161713 -2.0 0.0 1.0 0.0 0.0 0.0
1.199999999 -0.787152731959 -2.0 0.0 1.0 0.0 0.0 0.0
1.200999999 -0.7899387642 -2.0 0.0 1.0 0.0 0.0 0.0
1.201171559 -0.790417366357 -2.0 0.0 1.0 0.0 0.0 0.0
1.201999999 -0.792731087793 -2.0 0.0 1.0 0.0 0.0 0.0
1.202963507 -0.795427450911 -2.0 0.0 1.0 0.0 0.0 0.0
1.202999999 -0.79552968967 -2.0 0.0 1.0 0.0 0.0 0.0
1.203999999 -0.798334556663 -2.0 0.0 1.0 0.0 0.0 0.0
1.204748260 -0.800437416962 -2.0 0.0 1.0 0.0 0.0 0.0
1.204999999 -0.801145675502 -2.0 0.0 1.0 0.0 0.0 0.0
1.205999999 -0.803963032815 -2.0 0.0 1.0 0.0 0.0 0.0
1.206525930 -0.805447266326 -2.0 0.0 1.0 0.0 0.0 0.0
1.206999999 -0.806786615131 -2.0 0.0 1.0 0.0 0.0 0.0
1.207999999 -0.809616408876 -2.0 0.0 1.0 0.0 0.0 0.0
1.208296629 -0.810457001295 -2.0 0.0 1.0 0.0 0.0 0.0
1.208999999 -0.812452400374 -2.0 0.0 1.0 0.0 0.0 0.0
1.209999999 -0.815294575849 -2.0 0.0 1.0 0.0 0.0 0.0
1.210060463 -0.815466622922 -2.0 0.0 1.0 0.0 0.0 0.0
1.210999999 -0.818142921424 -2.0 0.0 1.0 0.0 0.0 0.0
1.211817540 -0.820476133244 -2.0 0.0 1.0 0.0 0.0 0.0
1.211999999 -0.82099742312 -2.0 0.0 1.0 0.0 0.0 0.0
1.212999999 -0.823858066857 -2.0 0.0 1.0 0.0 0.0 0.0
1.213567962 -0.825485533575 -2.0 0.0 1.0 0.0 0.0 0.0
1.213999999 -0.826724838454 -2.0 0.0 1.0 0.0 0.0 0.0
1.214999999 -0.829597723628 -2.0 0.0 1.0 0.0 0.0 0.0
1.215311830 -0.83049482573 -2.0 0.0 1.0 0.0 0.0 0.0
1.215999999 -0.832476707995 -2.0 0.0 1.0 0.0 0.0 0.0
1.216999999 -0.835361777071 -2.0 0.0 1.0 0.0 0.0 0.0
1.217049245 -0.835504011305 -2.0 0.0 1.0 0.0 0.0 0.0
1.217999999 -0.838252916269 -2.0 0.0 1.0 0.0 0.0 0.0
1.218780304 -0.840513091924 -2.0 0.0 1.0 0.0 0.0 0.0
1.218999999 -0.841150110901 -2.0 0.0 1.0 0.0 0.0 0.0
1.219999999 -0.844053346179 -2.0 0.0 1.0 0.0 0.0 0.0
1.220505102 -0.845522068544 -2.0 0.0 1.0 0.0 0.0 0.0
1.220999999 -0.846962607212 -2.0 0.0 1.0 0.0 0.0 0.0
1.221999999 -0.84987787901 -2.0 0.0 1.0 0.0 0.0 0.0
1.222223733 -0.850530943333 -2.0 0.0 1.0 0.0 0.0 0.0
1.222999999 -0.85279914648 -2.0 0.0 1.0 0.0 0.0 0.0
1.223936288 -0.855539717574 -2.0 0.0 1.0 0.0 0.0 0.0
1.223999999 -0.855726394427 -2.0 0.0 1.0 0.0 0.0 0.0
1.224999999 -0.858659607556 -2.0 0.0 1.0 0.0 0.0 0.0
1.225642858 -0.860548392375 -2.0 0.0 1.0 0.0 0.0 0.0
1.225999999 -0.861598770473 -2.0 0.0 1.0 0.0 0.0 0.0
1.226999999 -0.864543867677 -2.0 0.0 1.0 0.0 0.0 0.0
1.227343531 -0.865556969137 -2.0 0.0 1.0 0.0 0.0 0.0
1.227999999 -0.867494883572 -2.0 0.0 1.0 0.0 0.0 0.0
1.228999999 -0.870451802456 -2.0 0.0 1.0 0.0 0.0 0.0
1.229038394 -0.870565448872 -2.0 0.0 1.0 0.0 0.0 0.0
1.229999999 -0.873414608528 -2.0 0.0 1.0 0.0 0.0 0.0
1.230727531 -0.875573833787 -2.0 0.0 1.0 0.0 0.0 0.0
1.230999999 -0.876383285886 -2.0 0.0 1.0 0.0 0.0 0.0
1.231999999 -0.879357818526 -2.0 0.0 1.0 0.0 0.0 0.0
1.232411026 -0.880582124366 -2.0 0.0 1.0 0.0 0.0 0.0
1.232999999 -0.882338190342 -2.0 0.0 1.0 0.0 0.0 0.0
1.233999999 -0.885324385128 -2.0 0.0 1.0 0.0 0.0 0.0
1.234088961 -0.88559032185 -2.0 0.0 1.0 0.0 0.0 0.0
1.234999999 -0.888316386577 -2.0 0.0 1.0 0.0 0.0 0.0
1.235761415 -0.890598427562 -2.0 0.0 1.0 0.0 0.0 0.0
1.235999999 -0.891314178278 -2.0 0.0 1.0 0.0 0.0 0.0
1.236999999 -0.894317743723 -2.0 0.0 1.0 0.0 0.0 0.0
1.237428469 -0.89560644269 -2.0 0.0 1.0 0.0 0.0 0.0
1.237999999 -0.8973270663 -2.0 0.0 1.0 0.0 0.0 0.0
1.238999999 -0.900342129296 -2.0 0.0 1.0 0.0 0.0 0.0
1.239090199 -0.90061436765 -2.0 0.0 1.0 0.0 0.0 0.0
1.239999999 -0.903362915896 -2.0 0.0 1.0 0.0 0.0 0.0
1.240746681 -0.905622204683 -2.0 0.0 1.0 0.0 0.0 0.0
1.240999999 -0.906389409187 -2.0 0.0 1.0 0.0 0.0 0.0
1.241999999 -0.90942159215 -2.0 0.0 1.0 0.0 0.0 0.0
1.242397991 -0.910629954617 -2.0 0.0 1.0 0.0 0.0 0.0
1.242999999 -0.912459447669 -2.0 0.0 1.0 0.0 0.0 0.0
1.243999999 -0.915502958525 -2.0 0.0 1.0 0.0 0.0 0.0
1.244044202 -0.915637618173 -2.0 0.0 1.0 0.0 0.0 0.0
1.244999999 -0.918552107397 -2.0 0.0 1.0 0.0 0.0 0.0
1.245685385 -0.920645196605 -2.0 0.0 1.0 0.0 0.0 0.0
1.245999999 -0.921606876863 -2.0 0.0 1.0 0.0 0.0 0.0
1.246999999 -0.924667249401 -2.0 0.0 1.0 0.0 0.0 0.0
1.247321612 -0.925652691063 -2.0 0.0 1.0 0.0 0.0 0.0
1.247999999 -0.927733207387 -2.0 0.0 1.0 0.0 0.0 0.0
1.248952952 -0.930660102391 -2.0 0.0 1.0 0.0 0.0 0.0
1.248999999 -0.930804733096 -2.0 0.0 1.0 0.0 0.0 0.0
1.249999999 -0.933881808701 -2.0 0.0 1.0 0.0 0.0 0.0
1.250579475 -0.935667431343 -2.0 0.0 1.0 0.0 0.0 0.0
1.250999999 -0.936964416273 -2.0 0.0 1.0 0.0 0.0 0.0
1.251999999 -0.940052537785 -2.0 0.0 1.0 0.0 0.0 0.0
1.252201247 -0.940674679204 -2.0 0.0 1.0 0.0 0.0 0.0
1.252999999 -0.943146155105 -2.0 0.0 1.0 0.0 0.0 0.0
1.253818335 -0.945681846765 -2.0 0.0 1.0 0.0 0.0 0.0
1.253999999 -0.946245250003 -2.0 0.0 1.0 0.0 0.0 0.0
1.254999999 -0.949349804145 -2.0 0.0 1.0 0.0 0.0 0.0
1.255430803 -0.950688934327 -2.0 0.0 1.0 0.0 0.0 0.0
1.255999999 -0.952459799097 -2.0 0.0 1.0 0.0 0.0 0.0
1.256999999 -0.955575216323 -2.0 0.0 1.0 0.0 0.0 0.0
1.257038716 -0.955695943543 -2.0 0.0 1.0 0.0 0.0 0.0
1.257999999 -0.958696037188 -2.0 0.0 1.0 0.0 0.0 0.0
1.258642138 -0.960702875175 -2.0 0.0 1.0 0.0 0.0 0.0
1.258999999 -0.961822242953 -2.0 0.0 1.0 0.0 0.0 0.0
1.259999999 -0.964953814779 -2.0 0.0 1.0 0.0 0.0 0.0
1.260241129 -0.965709729719 -2.0 0.0 1.0 0.0 0.0 0.0
1.260999999 -0.968090733726 -2.0 0.0 1.0 0.0 0.0 0.0
1.261835752 -0.970716508802 -2.0 0.0 1.0 0.0 0.0 0.0
1.261999999 -0.971232980752 -2.0 0.0 1.0 0.0 0.0 0.0
1.262999999 -0.974380536714 -2.0 0.0 1.0 0.0 0.0 0.0
1.263426066 -0.975723212592 -2.0 0.0 1.0 0.0 0.0 0.0
1.263999999 -0.977533382368 -2.0 0.0 1.0 0.0 0.0 0.0
1.264999999 -0.980691498368 -2.0 0.0 1.0 0.0 0.0 0.0
1.265012131 -0.980729841795 -2.0 0.0 1.0 0.0 0.0 0.0
1.265999999 -0.983854865269 -2.0 0.0 1.0 0.0 0.0 0.0
1.266594004 -0.985736397848 -2.0 0.0 1.0 0.0 0.0 0.0
1.266999999 -0.987023463521 -2.0 0.0 1.0 0.0 0.0 0.0
1.267999999 -0.990197273476 -2.0 0.0 1.0 0.0 0.0 0.0
1.268171744 -0.990742880951 -2.0 0.0 1.0 0.0 0.0 0.0
1.268999999 -0.993376275382 -2.0 0.0 1.0 0.0 0.0 0.0
1.269745407 -0.995749291845 -2.0 0.0 1.0 0.0 0.0 0.0
1.269999999 -0.99656044939 -2.0 0.0 1.0 0.0 0.0 0.0
1.270999999 -0.999749775545 -2.0 0.0 1.0 0.0 0.0 0.0
1.271315048 -1.00075563122 -2.0 0.0 1.0 0.0 0.0 0.0
1.271999999 -1.00294423379 -2.0 0.0 1.0 0.0 0.0 0.0
1.272880722 -1.00576189992 -2.0 0.0 1.0 0.0 0.0 0.0
1.272999999 -1.00614380398 -2.0 0.0 1.0 0.0 0.0 0.0
1.273999999 -1.00934846584 -2.0 0.0 1.0 0.0 0.0 0.0
1.274442484 -1.01076809872 -2.0 0.0 1.0 0.0 0.0 0.0
1.274999999 -1.01255819903 -2.0 0.0 1.0 0.0 0.0 0.0
1.275999999 -1.01577298309 -2.0 0.0 1.0 0.0 0.0 0.0
1.276000387 -1.01577422839 -2.0 0.0 1.0 0.0 0.0 0.0
1.276999999 -1.01899279744 -2.0 0.0 1.0 0.0 0.0 0.0
1.277554482 -1.02078028943 -2.0 0.0 1.0 0.0 0.0 0.0
1.277999999 -1.02221762144 -2.0 0.0 1.0 0.0 0.0 0.0
1.278999999 -1.02544743432 -2.0 0.0 1.0 0.0 0.0 0.0
1.279104823 -1.02578628253 -2.0 0.0 1.0 0.0 0.0 0.0
1.279999999 -1.02868221521 -2.0 0.0 1.0 0.0 0.0 0.0
1.280651460 -1.0307922085 -2.0 0.0 1.0 0.0 0.0 0.0
1.280999999 -1.03192194315 -2.0 0.0 1.0 0.0 0.0 0.0
1.281999999 -1.03516659707 -2.0 0.0 1.0 0.0 0.0 0.0
1.282194442 -1.03579806702 -2.0 0.0 1.0 0.0 0.0 0.0
1.282999999 -1.0384161558 -2.0 0.0 1.0 0.0 0.0 0.0
1.283733821 -1.04080385997 -2.0 0.0 1.0 0.0 0.0 0.0
1.283999999 -1.04167059808 -2.0 0.0 1.0 0.0 0.0 0.0
1.284999999 -1.04492990253 -2.0 0.0 1.0 0.0 0.0 0.0
1.285269645 -1.0458095877 -2.0 0.0 1.0 0.0 0.0 0.0
1.285999999 -1.04819404768 -2.0 0.0 1.0 0.0 0.0 0.0
1.286801961 -1.05081525 -2.0 0.0 1.0 0.0 0.0 0.0
1.286999999 -1.05146301196 -2.0 0.0 1.0 0.0 0.0 0.0
1.287999999 -1.0547367737 -2.0 0.0 1.0 0.0 0.0 0.0
1.288330818 -1.05582084827 -2.0 0.0 1.0 0.0 0.0 0.0
1.288999999 -1.05801531112 -2.0 0.0 1.0 0.0 0.0 0.0
1.289856263 -1.0608263828 -2.0 0.0 1.0 0.0 0.0 0.0
1.289999999 -1.06129860233 -2.0 0.0 1.0 0.0 0.0 0.0
1.290999999 -1.06458662537 -2.0 0.0 1.0 0.0 0.0 0.0
1.291378342 -1.06583185368 -2.0 0.0 1.0 0.0 0.0 0.0
1.291999999 -1.06787935816 -2.0 0.0 1.0 0.0 0.0 0.0
1.292897101 -1.07083726206 -2.0 0.0 1.0 0.0 0.0 0.0
1.292999999 -1.0711767785 -2.0 0.0 1.0 0.0 0.0 0.0
1.293999999 -1.07447886413 -2.0 0.0 1.0 0.0 0.0 0.0
1.294412584 -1.07584260835 -2.0 0.0 1.0 0.0 0.0 0.0
1.294999999 -1.07778559266 -2.0 0.0 1.0 0.0 0.0 0.0
1.295924837 -1.08084789294 -2.0 0.0 1.0 0.0 0.0 0.0
1.295999999 -1.0810969416 -2.0 0.0 1.0 0.0 0.0 0.0
1.296999999 -1.08441288837 -2.0 0.0 1.0 0.0 0.0 0.0
1.297433904 -1.08585311621 -2.0 0.0 1.0 0.0 0.0 0.0
1.297999999 -1.08773341028 -2.0 0.0 1.0 0.0 0.0 0.0
1.298939827 -1.09085827923 -2.0 0.0 1.0 0.0 0.0 0.0
1.298999999 -1.09105848455 -2.0 0.0 1.0 0.0 0.0 0.0
1.299999999 -1.09438808827 -2.0 0.0 1.0 0.0 0.0 0.0
1.300442651 -1.095863382 -2.0 0.0 1.0 0.0 0.0 0.0
1.300999999 -1.09772219848 -2.0 0.0 1.0 0.0 0.0 0.0
1.301942417 -1.10086842502 -2.0 0.0 1.0 0.0 0.0 0.0
1.301999999 -1.10106079206 -2.0 0.0 1.0 0.0 0.0 0.0
1.302999999 -1.10440384583 -2.0 0.0 1.0 0.0 0.0 0.0
1.303439167 -1.10587340863 -2.0 0.0 1.0 0.0 0.0 0.0
1.303999999 -1.10775133649 -2.0 0.0 1.0 0.0 0.0 0.0
1.304932942 -1.11087833367 -2.0 0.0 1.0 0.0 0.0 0.0
1.304999999 -1.11110324065 -2.0 0.0 1.0 0.0 0.0 0.0
1.305999999 -1.11445953481 -2.0 0.0 1.0 0.0 0.0 0.0
1.306423784 -1.11588320027 -2.0 0.0 1.0 0.0 0.0 0.0
1.306999999 -1.11782019537 -2.0 0.0 1.0 0.0 0.0 0.0
1.307911733 -1.12088800891 -2.0 0.0 1.0 0.0 0.0 0.0
1.307999999 -1.12118519864 -2.0 0.0 1.0 0.0 0.0 0.0
1.308999999 -1.12455452081 -2.0 0.0 1.0 0.0 0.0 0.0
1.309396829 -1.12589276022 -2.0 0.0 1.0 0.0 0.0 0.0
1.309999999 -1.12792813797 -2.0 0.0 1.0 0.0 0.0 0.0
1.310879112 -1.1308974545 -2.0 0.0 1.0 0.0 0.0 0.0
1.310999999 -1.13130602614 -2.0 0.0 1.0 0.0 0.0 0.0
1.311999999 -1.13468816119 -2.0 0.0 1.0 0.0 0.0 0.0
1.312358619 -1.13590209203 -2.0 0.0 1.0 0.0 0.0 0.0
1.312999999 -1.13807451893 -2.0 0.0 1.0 0.0 0.0 0.0
1.313835391 -1.1409066736 -2.0 0.0 1.0 0.0 0.0 0.0
1.313999999 -1.14146507505 -2.0 0.0 1.0 0.0 0.0 0.0
1.314999999 -1.14485980514 -2.0 0.0 1.0 0.0 0.0 0.0
1.315309465 -1.14591119914 -2.0 0.0 1.0 0.0 0.0 0.0
1.315999999 -1.1482586847 -2.0 0.0 1.0 0.0 0.0 0.0
1.316780879 -1.15091566911 -2.0 0.0 1.0 0.0 0.0 0.0
1.316999999 -1.1516616891 -2.0 0.0 1.0 0.0 0.0 0.0
1.317999999 -1.15506879364 -2.0 0.0 1.0 0.0 0.0 0.0
1.318249670 -1.15592008377 -2.0 0.0 1.0 0.0 0.0 0.0
1.318999999 -1.15847997351 -2.0 0.0 1.0 0.0 0.0 0.0
1.319715875 -1.16092444373 -2.0 0.0 1.0 0.0 0.0 0.0
1.319999999 -1.16189520378 -2.0 0.0 1.0 0.0 0.0 0.0
1.320999999 -1.16531445945 -2.0 0.0 1.0 0.0 0.0 0.0
1.321179531 -1.16592874927 -2.0 0.0 1.0 0.0 0.0 0.0
1.321999999 -1.1687377154 -2.0 0.0 1.0 0.0 0.0 0.0
1.322640675 -1.17093300099 -2.0 0.0 1.0 0.0 0.0 0.0
1.322999999 -1.1721649464 -2.0 0.0 1.0 0.0 0.0 0.0
1.323999999 -1.17559612715 -2.0 0.0 1.0 0.0 0.0 0.0
1.324099341 -1.17593719899 -2.0 0.0 1.0 0.0 0.0 0.0
1.324999999 -1.17903123221 -2.0 0.0 1.0 0.0 0.0 0.0
1.325555565 -1.18094134354 -2.0 0.0 1.0 0.0 0.0 0.0
1.325999999 -1.18247023607 -2.0 0.0 1.0 0.0 0.0 0.0
1.326999999 -1.1859131131 -2.0 0.0 1.0 0.0 0.0 0.0
1.327009382 -1.18594543459 -2.0 0.0 1.0 0.0 0.0 0.0
1.327999999 -1.18935983758 -2.0 0.0 1.0 0.0 0.0 0.0
1.328460828 -1.19094947325 -2.0 0.0 1.0 0.0 0.0 0.0
1.328999999 -1.19281038368 -2.0 0.0 1.0 0.0 0.0 0.0
1.329909936 -1.19595345928 -2.0 0.0 1.0 0.0 0.0 0.0
1.329999999 -1.19626472547 -2.0 0.0 1.0 0.0 0.0 0.0
1.330999999 -1.19972283693 -2.0 0.0 1.0 0.0 0.0 0.0
1.331356740 -1.20095739348 -2.0 0.0 1.0 0.0 0.0 0.0
1.331999999 -1.20318469193 -2.0 0.0 1.0 0.0 0.0 0.0
1.332801275 -1.20596127595 -2.0 0.0 1.0 0.0 0.0 0.0
1.332999999 -1.20665026423 -2.0 0.0 1.0 0.0 0.0 0.0
1.333999999 -1.21011952751 -2.0 0.0 1.0 0.0 0.0 0.0
1.334243574 -1.21096510667 -2.0 0.0 1.0 0.0 0.0 0.0
1.334999999 -1.21359245533 -2.0 0.0 1.0 0.0 0.0 0.0
1.335683669 -1.21596888607 -2.0 0.0 1.0 0.0 0.0 0.0
1.335999999 -1.21706902115 -2.0 0.0 1.0 0.0 0.0 0.0
1.336999999 -1.22054919834 -2.0 0.0 1.0 0.0 0.0 0.0
1.337121594 -1.22097261446 -2.0 0.0 1.0 0.0 0.0 0.0
1.337999999 -1.22403296016 -2.0 0.0 1.0 0.0 0.0 0.0
1.338557381 -1.22597629182 -2.0 0.0 1.0 0.0 0.0 0.0
1.338999999 -1.22752027977 -2.0 0.0 1.0 0.0 0.0 0.0
1.339991063 -1.23097991908 -2.0 0.0 1.0 0.0 0.0 0.0
1.339999999 -1.23101113024 -2.0 0.0 1.0 0.0 0.0 0.0
1.340999999 -1.23450548452 -2.0 0.0 1.0 0.0 0.0 0.0
1.341422671 -1.23598349608 -2.0 0.0 1.0 0.0 0.0 0.0
1.341999999 -1.23800331547 -2.0 0.0 1.0 0.0 0.0 0.0
1.342852237 -1.24098702297 -2.0 0.0 1.0 0.0 0.0 0.0
1.342999999 -1.24150459585 -2.0 0.0 1.0 0.0 0.0 0.0
1.343999999 -1.24500929831 -2.0 0.0 1.0 0.0 0.0 0.0
1.344279793 -1.24599050007 -2.0 0.0 1.0 0.0 0.0 0.0
1.344999999 -1.2485173954 -2.0 0.0 1.0 0.0 0.0 0.0
1.345705369 -1.25099392768 -2.0 0.0 1.0 0.0 0.0 0.0
1.345999999 -1.25202885958 -2.0 0.0 1.0 0.0 0.0 0.0
1.346999999 -1.2555436632 -2.0 0.0 1.0 0.0 0.0 0.0
1.347128997 -1.255997306 -2.0 0.0 1.0 0.0 0.0 0.0
1.347999999 -1.25906177852 -2.0 0.0 1.0 0.0 0.0 0.0
1.348550707 -1.26100063533 -2.0 0.0 1.0 0.0 0.0 0.0
1.348999999 -1.26258317766 -2.0 0.0 1.0 0.0 0.0 0.0
1.349970530 -1.26600391539 -2.0 0.0 1.0 0.0 0.0 0.0
1.349999999 -1.2661078327 -2.0 0.0 1.0 0.0 0.0 0.0
1.350999999 -1.26963571557 -2.0 0.0 1.0 0.0 0.0 0.0
1.351388495 -1.27100714683 -2.0 0.0 1.0 0.0 0.0 0.0
1.351999999 -1.27316679812 -2.0 0.0 1.0 0.0 0.0 0.0
1.352804633 -1.27601033031 -2.0 0.0 1.0 0.0 0.0 0.0
1.352999999 -1.27670105208 -2.0 0.0 1.0 0.0 0.0 0.0
1.353999999 -1.28023844912 -2.0 0.0 1.0 0.0 0.0 0.0
1.354218974 -1.28101346556 -2.0 0.0 1.0 0.0 0.0 0.0
1.354999999 -1.28377896075 -2.0 0.0 1.0 0.0 0.0 0.0
1.355631547 -1.28601655276 -2.0 0.0 1.0 0.0 0.0 0.0
1.355999999 -1.28732255844 -2.0 0.0 1.0 0.0 0.0 0.0
1.356999999 -1.2908692135 -2.0 0.0 1.0 0.0 0.0 0.0
1.357042381 -1.29101959181 -2.0 0.0 1.0 0.0 0.0 0.0
1.357999999 -1.29441889719 -2.0 0.0 1.0 0.0 0.0 0.0
1.358451505 -1.29602258338 -2.0 0.0 1.0 0.0 0.0 0.0
1.358999999 -1.29797158064 -2.0 0.0 1.0 0.0 0.0 0.0
1.359858949 -1.30102552752 -2.0 0.0 1.0 0.0 0.0 0.0
1.359999999 -1.30152723488 -2.0 0.0 1.0 0.0 0.0 0.0
1.360999999 -1.30508583085 -2.0 0.0 1.0 0.0 0.0 0.0
1.361264740 -1.306028424 -2.0 0.0 1.0 0.0 0.0 0.0
1.361999999 -1.30864733938 -2.0 0.0 1.0 0.0 0.0 0.0
1.362668908 -1.31103127348 -2.0 0.0 1.0 0.0 0.0 0.0
1.362999999 -1.3122117312 -2.0 0.0 1.0 0.0 0.0 0.0
1.363999999 -1.31577897694 -2.0 0.0 1.0 0.0 0.0 0.0
1.364071481 -1.31603407604 -2.0 0.0 1.0 0.0 0.0 0.0
1.364999999 -1.31934904713 -2.0 0.0 1.0 0.0 0.0 0.0
1.365472486 -1.32103683143 -2.0 0.0 1.0 0.0 0.0 0.0
1.365999999 -1.32292191219 -2.0 0.0 1.0 0.0 0.0 0.0
1.366871952 -1.32603954006 -2.0 0.0 1.0 0.0 0.0 0.0
1.366999999 -1.32649754247 -2.0 0.0 1.0 0.0 0.0 0.0
1.367999999 -1.33007590816 -2.0 0.0 1.0 0.0 0.0 0.0
1.368269907 -1.33104220213 -2.0 0.0 1.0 0.0 0.0 0.0
1.368999999 -1.33365697941 -2.0 0.0 1.0 0.0 0.0 0.0
1.369666379 -1.3360448179 -2.0 0.0 1.0 0.0 0.0 0.0
1.369999999 -1.33724072624 -2.0 0.0 1.0 0.0 0.0 0.0
1.370999999 -1.34082711856 -2.0 0.0 1.0 0.0 0.0 0.0
1.371061394 -1.34104738729 -2.0 0.0 1.0 0.0 0.0 0.0
1.371999999 -1.3444161262 -2.0 0.0 1.0 0.0 0.0 0.0
1.372454980 -1.34604991053 -2.0 0.0 1.0 0.0 0.0 0.0
1.372999999 -1.34800771887 -2.0 0.0 1.0 0.0 0.0 0.0
1.373847164 -1.35105238802 -2.0 0.0 1.0 0.0 0.0 0.0
1.373999999 -1.35160186619 -2.0 0.0 1.0 0.0 0.0 0.0
1.374999999 -1.35519853769 -2.0 0.0 1.0 0.0 0.0 0.0
1.375237973 -1.35605481924 -2.0 0.0 1.0 0.0 0.0 0.0
1.375999999 -1.35879770276 -2.0 0.0 1.0 0.0 0.0 0.0
1.376627435 -1.36105720474 -2.0 0.0 1.0 0.0 0.0 0.0
1.376999999 -1.36239933073 -2.0 0.0 1.0 0.0 0.0 0.0
1.377999999 -1.36600339081 -2.0 0.0 1.0 0.0 0.0 0.0
1.378015575 -1.3660595449 -2.0 0.0 1.0 0.0 0.0 0.0
1.378999999 -1.36960985211 -2.0 0.0 1.0 0.0 0.0 0.0
1.379402421 -1.37106183936 -2.0 0.0 1.0 0.0 0.0 0.0
1.379999999 -1.37321868364 -2.0 0.0 1.0 0.0 0.0 0.0
1.380787998 -1.37606408791 -2.0 0.0 1.0 0.0 0.0 0.0
1.380999999 -1.37682985431 -2.0 0.0 1.0 0.0 0.0 0.0
1.381999999 -1.38044333293 -2.0 0.0 1.0 0.0 0.0 0.0
1.382172334 -1.38106629138 -2.0 0.0 1.0 0.0 0.0 0.0
1.382999999 -1.3840590882 -2.0 0.0 1.0 0.0 0.0 0.0
1.383555454 -1.38606844912 -2.0 0.0 1.0 0.0 0.0 0.0
1.383999999 -1.38767708872 -2.0 0.0 1.0 0.0 0.0 0.0
1.384937385 -1.39107056181 -2.0 0.0 1.0 0.0 0.0 0.0
1.384999999 -1.39129730301 -2.0 0.0 1.0 0.0 0.0 0.0
1.385999999 -1.39491969946 -2.0 0.0 1.0 0.0 0.0 0.0
1.386318153 -1.39607262952 -2.0 0.0 1.0 0.0 0.0 0.0
1.386999999 -1.39854424637 -2.0 0.0 1.0 0.0 0.0 0.0
1.387697783 -1.40107465159 -2.0 0.0 1.0 0.0 0.0 0.0
1.387999999 -1.40217091195 -2.0 0.0 1.0 0.0 0.0 0.0
1.388999999 -1.40579966428 -2.0 0.0 1.0 0.0 0.0 0.0
1.389076301 -1.40607662899 -2.0 0.0 1.0 0.0 0.0 0.0
1.389999999 -1.40943047138 -2.0 0.0 1.0 0.0 0.0 0.0
1.390453734 -1.41107856118 -2.0 0.0 1.0 0.0 0.0 0.0
1.390999999 -1.41306330114 -2.0 0.0 1.0 0.0 0.0 0.0
1.391830106 -1.41608044852 -2.0 0.0 1.0 0.0 0.0 0.0
1.391999999 -1.41669812134 -2.0 0.0 1.0 0.0 0.0 0.0
1.392999999 -1.42033489969 -2.0 0.0 1.0 0.0 0.0 0.0
1.393205443 -1.42108229079 -2.0 0.0 1.0 0.0 0.0 0.0
1.393999999 -1.42397360378 -2.0 0.0 1.0 0.0 0.0 0.0
1.394579771 -1.42608408831 -2.0 0.0 1.0 0.0 0.0 0.0
1.394999999 -1.42761420109 -2.0 0.0 1.0 0.0 0.0 0.0
1.395953115 -1.43108584144 -2.0 0.0 1.0 0.0 0.0 0.0
1.395999999 -1.43125665902 -2.0 0.0 1.0 0.0 0.0 0.0
1.396999999 -1.43490094486 -2.0 0.0 1.0 0.0 0.0 0.0
1.397325500 -1.43608754932 -2.0 0.0 1.0 0.0 0.0 0.0
1.397999999 -1.43854702579 -2.0 0.0 1.0 0.0 0.0 0.0
1.398696951 -1.44108921226 -2.0 0.0 1.0 0.0 0.0 0.0
1.398999999 -1.4421948689 -2.0 0.0 1.0 0.0 0.0 0.0
1.399999999 -1.44584444117 -2.0 0.0 1.0 0.0 0.0 0.0
