0.001000000 0.47138931385 -2.0 0.0 1.0 0.0 0.0 0.0
0.002000000 0.469958309877 -2.0 0.0 1.0 0.0 0.0 0.0
0.003000000 0.468523142138 -2.0 0.0 1.0 0.0 0.0 0.0
0.003509633 0.467790149555 -2.0 0.0 1.0 0.0 0.0 0.0
0.004000000 0.467083869501 -2.0 0.0 1.0 0.0 0.0 0.0
0.005000000 0.465640550653 -2.0 0.0 1.0 0.0 0.0 0.0
0.006000000 0.464193244097 -2.0 0.0 1.0 0.0 0.0 0.0
0.006983509 0.462765970837 -2.0 0.0 1.0 0.0 0.0 0.0
0.007000000 0.462742008149 -2.0 0.0 1.0 0.0 0.0 0.0
0.008000000 0.461286900944 -2.0 0.0 1.0 0.0 0.0 0.0
0.009000000 0.45982798043 -2.0 0.0 1.0 0.0 0.0 0.0
0.010000000 0.458365304374 -2.0 0.0 1.0 0.0 0.0 0.0
0.010424387 0.457743441614 -2.0 0.0 1.0 0.0 0.0 0.0
0.011000000 0.456898930355 -2.0 0.0 1.0 0.0 0.0 0.0
0.012000000 0.455428915772 -2.0 0.0 1.0 0.0 0.0 0.0
0.013000000 0.453955317836 -2.0 0.0 1.0 0.0 0.0 0.0
0.013834798 0.45272245712 -2.0 0.0 1.0 0.0 0.0 0.0
0.014000000 0.452478193576 -2.0 0.0 1.0 0.0 0.0 0.0
0.015000000 0.450997599836 -2.0 0.0 1.0 0.0 0.0 0.0
0.016000000 0.449513593278 -2.0 0.0 1.0 0.0 0.0 0.0
0.017000000 0.448026230375 -2.0 0.0 1.0 0.0 0.0 0.0
0.017217074 0.447702924116 -2.0 0.0 1.0 0.0 0.0 0.0
0.018000000 0.446535567421 -2.0 0.0 1.0 0.0 0.0 0.0
0.019000000 0.445041660523 -2.0 0.0 1.0 0.0 0.0 0.0
0.020000000 0.443544565604 -2.0 0.0 1.0 0.0 0.0 0.0
0.020573370 0.442684759027 -2.0 0.0 1.0 0.0 0.0 0.0
0.021000000 0.442044338404 -2.0 0.0 1.0 0.0 0.0 0.0
0.022000000 0.440541034477 -2.0 0.0 1.0 0.0 0.0 0.0
0.023000000 0.439034709194 -2.0 0.0 1.0 0.0 0.0 0.0
0.023905687 0.437667887862 -2.0 0.0 1.0 0.0 0.0 0.0
0.024000000 0.437525417742 -2.0 0.0 1.0 0.0 0.0 0.0
0.025000000 0.436013215124 -2.0 0.0 1.0 0.0 0.0 0.0
0.026000000 0.434498156158 -2.0 0.0 1.0 0.0 0.0 0.0
0.027000000 0.432980295478 -2.0 0.0 1.0 0.0 0.0 0.0
0.027215890 0.432652241754 -2.0 0.0 1.0 0.0 0.0 0.0
0.028000000 0.431459687533 -2.0 0.0 1.0 0.0 0.0 0.0
0.029000000 0.42993638659 -2.0 0.0 1.0 0.0 0.0 0.0
0.030000000 0.428410446731 -2.0 0.0 1.0 0.0 0.0 0.0
0.030505719 0.427637760981 -2.0 0.0 1.0 0.0 0.0 0.0
0.031000000 0.426881921852 -2.0 0.0 1.0 0.0 0.0 0.0
0.032000000 0.425350865667 -2.0 0.0 1.0 0.0 0.0 0.0
0.033000000 0.423817331705 -2.0 0.0 1.0 0.0 0.0 0.0
0.033776810 0.422624389863 -2.0 0.0 1.0 0.0 0.0 0.0
0.034000000 0.42228137331 -2.0 0.0 1.0 0.0 0.0 0.0
0.035000000 0.420743043644 -2.0 0.0 1.0 0.0 0.0 0.0
0.036000000 0.419202395683 -2.0 0.0 1.0 0.0 0.0 0.0
0.037000000 0.417659482219 -2.0 0.0 1.0 0.0 0.0 0.0
0.037030700 0.41761207852 -2.0 0.0 1.0 0.0 0.0 0.0
0.038000000 0.41611435586 -2.0 0.0 1.0 0.0 0.0 0.0
0.039000000 0.414567069031 -2.0 0.0 1.0 0.0 0.0 0.0
0.040000000 0.41301767397 -2.0 0.0 1.0 0.0 0.0 0.0
0.040268839 0.41260078242 -2.0 0.0 1.0 0.0 0.0 0.0
0.041000000 0.411466222734 -2.0 0.0 1.0 0.0 0.0 0.0
0.042000000 0.409912767194 -2.0 0.0 1.0 0.0 0.0 0.0
0.043000000 0.408357359037 -2.0 0.0 1.0 0.0 0.0 0.0
0.043492601 0.407590460477 -2.0 0.0 1.0 0.0 0.0 0.0
0.044000000 0.406800049767 -2.0 0.0 1.0 0.0 0.0 0.0
0.045000000 0.405240890701 -2.0 0.0 1.0 0.0 0.0 0.0
0.046000000 0.403679932975 -2.0 0.0 1.0 0.0 0.0 0.0
0.046703291 0.402581075398 -2.0 0.0 1.0 0.0 0.0 0.0
0.047000000 0.40211722754 -2.0 0.0 1.0 0.0 0.0 0.0
0.048000000 0.40055282516 -2.0 0.0 1.0 0.0 0.0 0.0
0.049000000 0.39898677642 -2.0 0.0 1.0 0.0 0.0 0.0
0.049902151 0.397572592766 -2.0 0.0 1.0 0.0 0.0 0.0
0.050000000 0.397419131716 -2.0 0.0 1.0 0.0 0.0 0.0
0.051000000 0.395849941262 -2.0 0.0 1.0 0.0 0.0 0.0
0.052000000 0.394279255088 -2.0 0.0 1.0 0.0 0.0 0.0
0.053000000 0.392707123039 -2.0 0.0 1.0 0.0 0.0 0.0
0.053090368 0.392564982701 -2.0 0.0 1.0 0.0 0.0 0.0
0.054000000 0.391133594776 -2.0 0.0 1.0 0.0 0.0 0.0
0.055000000 0.389558719777 -2.0 0.0 1.0 0.0 0.0 0.0
0.056000000 0.387982547335 -2.0 0.0 1.0 0.0 0.0 0.0
0.056269079 0.387558216886 -2.0 0.0 1.0 0.0 0.0 0.0
0.057000000 0.386405126557 -2.0 0.0 1.0 0.0 0.0 0.0
0.058000000 0.384826506369 -2.0 0.0 1.0 0.0 0.0 0.0
0.059000000 0.38324673551 -2.0 0.0 1.0 0.0 0.0 0.0
0.059439376 0.382552269768 -2.0 0.0 1.0 0.0 0.0 0.0
0.060000000 0.381665862537 -2.0 0.0 1.0 0.0 0.0 0.0
0.061000000 0.380083935822 -2.0 0.0 1.0 0.0 0.0 0.0
0.062000000 0.378501003553 -2.0 0.0 1.0 0.0 0.0 0.0
0.062602312 0.377547118522 -2.0 0.0 1.0 0.0 0.0 0.0
0.063000000 0.376917113732 -2.0 0.0 1.0 0.0 0.0 0.0
0.064000000 0.37533231418 -2.0 0.0 1.0 0.0 0.0 0.0
0.065000000 0.373746652531 -2.0 0.0 1.0 0.0 0.0 0.0
0.065758903 0.372542742595 -2.0 0.0 1.0 0.0 0.0 0.0
0.066000000 0.372160176238 -2.0 0.0 1.0 0.0 0.0 0.0
0.067000000 0.370572932565 -2.0 0.0 1.0 0.0 0.0 0.0
0.068000000 0.368984968597 -2.0 0.0 1.0 0.0 0.0 0.0
0.068910133 0.367539122264 -2.0 0.0 1.0 0.0 0.0 0.0
0.069000000 0.367396331231 -2.0 0.0 1.0 0.0 0.0 0.0
0.070000000 0.365807067183 -2.0 0.0 1.0 0.0 0.0 0.0
0.071000000 0.364217222981 -2.0 0.0 1.0 0.0 0.0 0.0
0.072000000 0.362626844972 -2.0 0.0 1.0 0.0 0.0 0.0
0.072056960 0.362536241247 -2.0 0.0 1.0 0.0 0.0 0.0
0.073000000 0.361035979318 -2.0 0.0 1.0 0.0 0.0 0.0
0.074000000 0.359444671996 -2.0 0.0 1.0 0.0 0.0 0.0
0.075000000 0.3578529688 -2.0 0.0 1.0 0.0 0.0 0.0
0.075200314 0.357534083664 -2.0 0.0 1.0 0.0 0.0 0.0
0.076000000 0.356260915338 -2.0 0.0 1.0 0.0 0.0 0.0
0.077000000 0.354668557036 -2.0 0.0 1.0 0.0 0.0 0.0
0.078000000 0.353075939135 -2.0 0.0 1.0 0.0 0.0 0.0
0.078341106 0.352532636006 -2.0 0.0 1.0 0.0 0.0 0.0
0.079000000 0.351483106691 -2.0 0.0 1.0 0.0 0.0 0.0
0.080000000 0.349890104577 -2.0 0.0 1.0 0.0 0.0 0.0
0.081000000 0.34829697748 -2.0 0.0 1.0 0.0 0.0 0.0
0.081480225 0.347531886194 -2.0 0.0 1.0 0.0 0.0 0.0
0.082000000 0.346703769906 -2.0 0.0 1.0 0.0 0.0 0.0
0.083000000 0.345110526174 -2.0 0.0 1.0 0.0 0.0 0.0
0.084000000 0.34351729042 -2.0 0.0 1.0 0.0 0.0 0.0
0.084618546 0.342531823567 -2.0 0.0 1.0 0.0 0.0 0.0
0.085000000 0.341924106595 -2.0 0.0 1.0 0.0 0.0 0.0
0.086000000 0.340331018466 -2.0 0.0 1.0 0.0 0.0 0.0
0.087000000 0.338738069618 -2.0 0.0 1.0 0.0 0.0 0.0
0.087756929 0.337532438289 -2.0 0.0 1.0 0.0 0.0 0.0
0.088000000 0.337145303448 -2.0 0.0 1.0 0.0 0.0 0.0
0.089000000 0.335552763172 -2.0 0.0 1.0 0.0 0.0 0.0
0.090000000 0.33396049182 -2.0 0.0 1.0 0.0 0.0 0.0
0.090896224 0.332533722267 -2.0 0.0 1.0 0.0 0.0 0.0
0.091000000 0.33236853224 -2.0 0.0 1.0 0.0 0.0 0.0
0.092000000 0.330776927092 -2.0 0.0 1.0 0.0 0.0 0.0
0.093000000 0.329185718855 -2.0 0.0 1.0 0.0 0.0 0.0
0.094000000 0.327594949824 -2.0 0.0 1.0 0.0 0.0 0.0
0.094037271 0.327535668706 -2.0 0.0 1.0 0.0 0.0 0.0
0.095000000 0.326004662107 -2.0 0.0 1.0 0.0 0.0 0.0
0.096000000 0.32441489763 -2.0 0.0 1.0 0.0 0.0 0.0
0.097000000 0.322825698136 -2.0 0.0 1.0 0.0 0.0 0.0
0.097180902 0.322538272032 -2.0 0.0 1.0 0.0 0.0 0.0
0.098000000 0.32123710518 -2.0 0.0 1.0 0.0 0.0 0.0
0.099000000 0.319649160136 -2.0 0.0 1.0 0.0 0.0 0.0
0.100000000 0.318061904193 -2.0 0.0 1.0 0.0 0.0 0.0
0.100327945 0.317541527797 -2.0 0.0 1.0 0.0 0.0 0.0
0.101000000 0.316475378355 -2.0 0.0 1.0 0.0 0.0 0.0
0.102000000 0.314889623443 -2.0 0.0 1.0 0.0 0.0 0.0
0.103000000 0.313304680093 -2.0 0.0 1.0 0.0 0.0 0.0
0.103479226 0.312545432769 -2.0 0.0 1.0 0.0 0.0 0.0
0.104000000 0.311720588757 -2.0 0.0 1.0 0.0 0.0 0.0
0.105000000 0.310137389704 -2.0 0.0 1.0 0.0 0.0 0.0
0.106000000 0.308555123016 -2.0 0.0 1.0 0.0 0.0 0.0
0.106635570 0.307549984215 -2.0 0.0 1.0 0.0 0.0 0.0
0.107000000 0.306973828593 -2.0 0.0 1.0 0.0 0.0 0.0
0.108000000 0.305393546151 -2.0 0.0 1.0 0.0 0.0 0.0
0.109000000 0.303814315221 -2.0 0.0 1.0 0.0 0.0 0.0
0.109797802 0.302555181125 -2.0 0.0 1.0 0.0 0.0 0.0
0.110000000 0.30223617515 -2.0 0.0 1.0 0.0 0.0 0.0
0.111000000 0.3006591651 -2.0 0.0 1.0 0.0 0.0 0.0
0.112000000 0.299083324051 -2.0 0.0 1.0 0.0 0.0 0.0
0.112966753 0.297561022693 -2.0 0.0 1.0 0.0 0.0 0.0
0.113000000 0.297508690797 -2.0 0.0 1.0 0.0 0.0 0.0
0.114000000 0.295935303947 -2.0 0.0 1.0 0.0 0.0 0.0
0.115000000 0.294363201929 -2.0 0.0 1.0 0.0 0.0 0.0
0.116000000 0.292792422984 -2.0 0.0 1.0 0.0 0.0 0.0
0.116143255 0.292567510683 -2.0 0.0 1.0 0.0 0.0 0.0
0.117000000 0.291223005169 -2.0 0.0 1.0 0.0 0.0 0.0
0.118000000 0.289654986359 -2.0 0.0 1.0 0.0 0.0 0.0
0.119000000 0.288088404242 -2.0 0.0 1.0 0.0 0.0 0.0
0.119328152 0.287574645722 -2.0 0.0 1.0 0.0 0.0 0.0
0.120000000 0.286523296324 -2.0 0.0 1.0 0.0 0.0 0.0
0.121000000 0.284959699926 -2.0 0.0 1.0 0.0 0.0 0.0
0.122000000 0.283397652184 -2.0 0.0 1.0 0.0 0.0 0.0
0.122522294 0.282582431224 -2.0 0.0 1.0 0.0 0.0 0.0
0.123000000 0.281837190052 -2.0 0.0 1.0 0.0 0.0 0.0
0.124000000 0.280278350297 -2.0 0.0 1.0 0.0 0.0 0.0
0.125000000 0.278721169504 -2.0 0.0 1.0 0.0 0.0 0.0
0.125726543 0.277590871616 -2.0 0.0 1.0 0.0 0.0 0.0
0.126000000 0.277165684074 -2.0 0.0 1.0 0.0 0.0 0.0
0.127000000 0.275611930221 -2.0 0.0 1.0 0.0 0.0 0.0
0.128000000 0.274059943977 -2.0 0.0 1.0 0.0 0.0 0.0
0.128941774 0.272599971304 -2.0 0.0 1.0 0.0 0.0 0.0
0.129000000 0.272509761191 -2.0 0.0 1.0 0.0 0.0 0.0
0.130000000 0.270961417525 -2.0 0.0 1.0 0.0 0.0 0.0
0.131000000 0.269414948459 -2.0 0.0 1.0 0.0 0.0 0.0
0.132000000 0.267870389288 -2.0 0.0 1.0 0.0 0.0 0.0
0.132168879 0.26760973623 -2.0 0.0 1.0 0.0 0.0 0.0
0.133000000 0.266327775122 -2.0 0.0 1.0 0.0 0.0 0.0
0.134000000 0.264787140888 -2.0 0.0 1.0 0.0 0.0 0.0
0.135000000 0.263248521328 -2.0 0.0 1.0 0.0 0.0 0.0
0.135408766 0.262620174033 -2.0 0.0 1.0 0.0 0.0 0.0
0.136000000 0.261711951001 -2.0 0.0 1.0 0.0 0.0 0.0
0.137000000 0.260177464282 -2.0 0.0 1.0 0.0 0.0 0.0
0.138000000 0.258645095358 -2.0 0.0 1.0 0.0 0.0 0.0
0.138662363 0.257631291944 -2.0 0.0 1.0 0.0 0.0 0.0
0.139000000 0.257114878238 -2.0 0.0 1.0 0.0 0.0 0.0
0.140000000 0.255586846741 -2.0 0.0 1.0 0.0 0.0 0.0
0.141000000 0.254061034505 -2.0 0.0 1.0 0.0 0.0 0.0
0.141930623 0.252643100608 -2.0 0.0 1.0 0.0 0.0 0.0
0.142000000 0.252537474984 -2.0 0.0 1.0 0.0 0.0 0.0
0.143000000 0.251016201446 -2.0 0.0 1.0 0.0 0.0 0.0
0.144000000 0.249497246977 -2.0 0.0 1.0 0.0 0.0 0.0
0.145000000 0.247980644476 -2.0 0.0 1.0 0.0 0.0 0.0
0.145214521 0.247655610294 -2.0 0.0 1.0 0.0 0.0 0.0
0.146000000 0.246466426661 -2.0 0.0 1.0 0.0 0.0 0.0
0.147000000 0.244954626063 -2.0 0.0 1.0 0.0 0.0 0.0
0.148000000 0.243445275031 -2.0 0.0 1.0 0.0 0.0 0.0
0.148515061 0.242668832645 -2.0 0.0 1.0 0.0 0.0 0.0
0.149000000 0.241938405728 -2.0 0.0 1.0 0.0 0.0 0.0
0.150000000 0.240434050134 -2.0 0.0 1.0 0.0 0.0 0.0
0.151000000 0.238932240045 -2.0 0.0 1.0 0.0 0.0 0.0
0.151833278 0.237682780566 -2.0 0.0 1.0 0.0 0.0 0.0
0.152000000 0.237433007072 -2.0 0.0 1.0 0.0 0.0 0.0
0.153000000 0.235936382643 -2.0 0.0 1.0 0.0 0.0 0.0
0.154000000 0.234442397999 -2.0 0.0 1.0 0.0 0.0 0.0
0.155000000 0.2329510842 -2.0 0.0 1.0 0.0 0.0 0.0
0.155170241 0.232697468743 -2.0 0.0 1.0 0.0 0.0 0.0
0.156000000 0.231462472121 -2.0 0.0 1.0 0.0 0.0 0.0
0.157000000 0.229976592452 -2.0 0.0 1.0 0.0 0.0 0.0
0.158000000 0.2284934757 -2.0 0.0 1.0 0.0 0.0 0.0
0.158527055 0.227712913302 -2.0 0.0 1.0 0.0 0.0 0.0
0.159000000 0.227013152185 -2.0 0.0 1.0 0.0 0.0 0.0
0.160000000 0.225535652047 -2.0 0.0 1.0 0.0 0.0 0.0
0.161000000 0.224061005238 -2.0 0.0 1.0 0.0 0.0 0.0
0.161904865 0.22272913187 -2.0 0.0 1.0 0.0 0.0 0.0
0.162000000 0.222589241529 -2.0 0.0 1.0 0.0 0.0 0.0
0.163000000 0.221120390505 -2.0 0.0 1.0 0.0 0.0 0.0
0.164000000 0.219654481566 -2.0 0.0 1.0 0.0 0.0 0.0
0.165000000 0.218191543931 -2.0 0.0 1.0 0.0 0.0 0.0
0.165304862 0.217746144085 -2.0 0.0 1.0 0.0 0.0 0.0
0.166000000 0.216731606631 -2.0 0.0 1.0 0.0 0.0 0.0
0.167000000 0.215274698515 -2.0 0.0 1.0 0.0 0.0 0.0
0.168000000 0.213820848248 -2.0 0.0 1.0 0.0 0.0 0.0
0.168728286 0.212763969612 -2.0 0.0 1.0 0.0 0.0 0.0
0.169000000 0.21237008431 -2.0 0.0 1.0 0.0 0.0 0.0
0.170000000 0.210922434997 -2.0 0.0 1.0 0.0 0.0 0.0
0.171000000 0.20947792842 -2.0 0.0 1.0 0.0 0.0 0.0
0.172000000 0.208036592508 -2.0 0.0 1.0 0.0 0.0 0.0
0.172176427 0.207782632243 -2.0 0.0 1.0 0.0 0.0 0.0
0.173000000 0.206598455005 -2.0 0.0 1.0 0.0 0.0 0.0
0.174000000 0.205163543468 -2.0 0.0 1.0 0.0 0.0 0.0
0.175000000 0.203731885274 -2.0 0.0 1.0 0.0 0.0 0.0
0.175650636 0.202802156293 -2.0 0.0 1.0 0.0 0.0 0.0
0.176000000 0.202303507614 -2.0 0.0 1.0 0.0 0.0 0.0
0.177000000 0.200878437493 -2.0 0.0 1.0 0.0 0.0 0.0
0.178000000 0.199456701736 -2.0 0.0 1.0 0.0 0.0 0.0
0.179000000 0.19803832698 -2.0 0.0 1.0 0.0 0.0 0.0
0.179152325 0.197822569148 -2.0 0.0 1.0 0.0 0.0 0.0
0.180000000 0.196623339679 -2.0 0.0 1.0 0.0 0.0 0.0
0.181000000 0.195211766104 -2.0 0.0 1.0 0.0 0.0 0.0
0.182000000 0.19380363234 -2.0 0.0 1.0 0.0 0.0 0.0
0.182682976 0.192843899868 -2.0 0.0 1.0 0.0 0.0 0.0
0.183000000 0.19239896429 -2.0 0.0 1.0 0.0 0.0 0.0
0.184000000 0.19099778767 -2.0 0.0 1.0 0.0 0.0 0.0
0.185000000 0.189600128014 -2.0 0.0 1.0 0.0 0.0 0.0
0.186000000 0.188206010671 -2.0 0.0 1.0 0.0 0.0 0.0
0.186244148 0.187866179876 -2.0 0.0 1.0 0.0 0.0 0.0
0.187000000 0.186815460806 -2.0 0.0 1.0 0.0 0.0 0.0
0.188000000 0.1854285034 -2.0 0.0 1.0 0.0 0.0 0.0
0.189000000 0.184045163249 -2.0 0.0 1.0 0.0 0.0 0.0
0.189837480 0.182889443424 -2.0 0.0 1.0 0.0 0.0 0.0
0.190000000 0.182665464966 -2.0 0.0 1.0 0.0 0.0 0.0
0.191000000 0.18128943298 -2.0 0.0 1.0 0.0 0.0 0.0
0.192000000 0.179917091533 -2.0 0.0 1.0 0.0 0.0 0.0
0.193000000 0.178548464686 -2.0 0.0 1.0 0.0 0.0 0.0
0.193464704 0.177913728583 -2.0 0.0 1.0 0.0 0.0 0.0
0.194000000 0.177183576315 -2.0 0.0 1.0 0.0 0.0 0.0
0.195000000 0.175822450111 -2.0 0.0 1.0 0.0 0.0 0.0
0.196000000 0.174465109582 -2.0 0.0 1.0 0.0 0.0 0.0
0.197000000 0.17311157805 -2.0 0.0 1.0 0.0 0.0 0.0
0.197127649 0.172939075691 -2.0 0.0 1.0 0.0 0.0 0.0
0.198000000 0.171761878654 -2.0 0.0 1.0 0.0 0.0 0.0
0.199000000 0.17041603435 -2.0 0.0 1.0 0.0 0.0 0.0
0.200000000 0.169074067908 -2.0 0.0 1.0 0.0 0.0 0.0
0.200828255 0.167965529084 -2.0 0.0 1.0 0.0 0.0 0.0
0.201000000 0.167736001914 -2.0 0.0 1.0 0.0 0.0 0.0
0.202000000 0.166401858771 -2.0 0.0 1.0 0.0 0.0 0.0
0.203000000 0.165071660696 -2.0 0.0 1.0 0.0 0.0 0.0
0.204000000 0.163745429724 -2.0 0.0 1.0 0.0 0.0 0.0
0.204568581 0.162993137043 -2.0 0.0 1.0 0.0 0.0 0.0
0.205000000 0.162423187704 -2.0 0.0 1.0 0.0 0.0 0.0
0.206000000 0.161104956301 -2.0 0.0 1.0 0.0 0.0 0.0
0.207000000 0.159790756997 -2.0 0.0 1.0 0.0 0.0 0.0
0.208000000 0.15848061109 -2.0 0.0 1.0 0.0 0.0 0.0
0.208350819 0.158021951169 -2.0 0.0 1.0 0.0 0.0 0.0
0.209000000 0.157174539691 -2.0 0.0 1.0 0.0 0.0 0.0
0.210000000 0.15587256373 -2.0 0.0 1.0 0.0 0.0 0.0
0.211000000 0.154574703952 -2.0 0.0 1.0 0.0 0.0 0.0
0.212000000 0.153280980916 -2.0 0.0 1.0 0.0 0.0 0.0
0.212177306 0.153052029021 -2.0 0.0 1.0 0.0 0.0 0.0
0.213000000 0.151991414999 -2.0 0.0 1.0 0.0 0.0 0.0
0.214000000 0.150706026393 -2.0 0.0 1.0 0.0 0.0 0.0
0.215000000 0.149424835106 -2.0 0.0 1.0 0.0 0.0 0.0
0.216000000 0.148147860962 -2.0 0.0 1.0 0.0 0.0 0.0
0.216050541 0.148083433528 -2.0 0.0 1.0 0.0 0.0 0.0
0.217000000 0.146875123599 -2.0 0.0 1.0 0.0 0.0 0.0
0.218000000 0.145606642474 -2.0 0.0 1.0 0.0 0.0 0.0
0.219000000 0.144342436858 -2.0 0.0 1.0 0.0 0.0 0.0
0.219973201 0.143116232872 -2.0 0.0 1.0 0.0 0.0 0.0
0.220000000 0.143082525836 -2.0 0.0 1.0 0.0 0.0 0.0
0.221000000 0.141826928313 -2.0 0.0 1.0 0.0 0.0 0.0
0.222000000 0.140575663007 -2.0 0.0 1.0 0.0 0.0 0.0
0.223000000 0.139328748452 -2.0 0.0 1.0 0.0 0.0 0.0
0.223948165 0.138150501816 -2.0 0.0 1.0 0.0 0.0 0.0
0.224000000 0.138086202998 -2.0 0.0 1.0 0.0 0.0 0.0
0.225000000 0.136848044811 -2.0 0.0 1.0 0.0 0.0 0.0
0.226000000 0.135614291874 -2.0 0.0 1.0 0.0 0.0 0.0
0.227000000 0.134384961983 -2.0 0.0 1.0 0.0 0.0 0.0
0.227978531 0.133186323132 -2.0 0.0 1.0 0.0 0.0 0.0
0.228000000 0.133160072753 -2.0 0.0 1.0 0.0 0.0 0.0
0.229000000 0.131939641613 -2.0 0.0 1.0 0.0 0.0 0.0
0.230000000 0.130723685807 -2.0 0.0 1.0 0.0 0.0 0.0
0.231000000 0.129512222397 -2.0 0.0 1.0 0.0 0.0 0.0
0.232000000 0.12830526826 -2.0 0.0 1.0 0.0 0.0 0.0
0.232067644 0.128223787507 -2.0 0.0 1.0 0.0 0.0 0.0
0.233000000 0.127102840088 -2.0 0.0 1.0 0.0 0.0 0.0
0.234000000 0.125904954389 -2.0 0.0 1.0 0.0 0.0 0.0
0.235000000 0.124711627488 -2.0 0.0 1.0 0.0 0.0 0.0
0.236000000 0.123522875524 -2.0 0.0 1.0 0.0 0.0 0.0
0.236219131 0.123262995681 -2.0 0.0 1.0 0.0 0.0 0.0
0.237000000 0.122338714454 -2.0 0.0 1.0 0.0 0.0 0.0
0.238000000 0.121159160049 -2.0 0.0 1.0 0.0 0.0 0.0
0.239000000 0.119984227897 -2.0 0.0 1.0 0.0 0.0 0.0
0.240000000 0.118813933401 -2.0 0.0 1.0 0.0 0.0 0.0
0.240436928 0.11830405854 -2.0 0.0 1.0 0.0 0.0 0.0
0.241000000 0.117648291779 -2.0 0.0 1.0 0.0 0.0 0.0
0.242000000 0.116487318068 -2.0 0.0 1.0 0.0 0.0 0.0
0.243000000 0.115331027118 -2.0 0.0 1.0 0.0 0.0 0.0
0.244000000 0.114179433595 -2.0 0.0 1.0 0.0 0.0 0.0
0.244725327 0.113347098697 -2.0 0.0 1.0 0.0 0.0 0.0
0.245000000 0.113032551981 -2.0 0.0 1.0 0.0 0.0 0.0
0.246000000 0.111890396576 -2.0 0.0 1.0 0.0 0.0 0.0
0.247000000 0.110752981492 -2.0 0.0 1.0 0.0 0.0 0.0
0.248000000 0.109620320661 -2.0 0.0 1.0 0.0 0.0 0.0
0.249000000 0.108492427826 -2.0 0.0 1.0 0.0 0.0 0.0
0.249089020 0.108392254351 -2.0 0.0 1.0 0.0 0.0 0.0
0.250000000 0.107369316551 -2.0 0.0 1.0 0.0 0.0 0.0
0.251000000 0.106251000212 -2.0 0.0 1.0 0.0 0.0 0.0
0.252000000 0.105137492002 -2.0 0.0 1.0 0.0 0.0 0.0
0.253000000 0.10402880493 -2.0 0.0 1.0 0.0 0.0 0.0
0.253533153 0.103439679049 -2.0 0.0 1.0 0.0 0.0 0.0
0.254000000 0.102924951821 -2.0 0.0 1.0 0.0 0.0 0.0
0.255000000 0.101825945316 -2.0 0.0 1.0 0.0 0.0 0.0
0.256000000 0.100731797871 -2.0 0.0 1.0 0.0 0.0 0.0
0.257000000 0.0996425217575 -2.0 0.0 1.0 0.0 0.0 0.0
0.258000000 0.0985581290645 -2.0 0.0 1.0 0.0 0.0 0.0
0.258063398 0.0984895455268 -2.0 0.0 1.0 0.0 0.0 0.0
0.259000000 0.0974786316954 -2.0 0.0 1.0 0.0 0.0 0.0
0.260000000 0.0964040413699 -2.0 0.0 1.0 0.0 0.0 0.0
0.261000000 0.0953343696235 -2.0 0.0 1.0 0.0 0.0 0.0
0.262000000 0.0942696278074 -2.0 0.0 1.0 0.0 0.0 0.0
0.262686021 0.0935420485471 -2.0 0.0 1.0 0.0 0.0 0.0
0.263000000 0.0932098270889 -2.0 0.0 1.0 0.0 0.0 0.0
0.264000000 0.0921549784507 -2.0 0.0 1.0 0.0 0.0 0.0
0.265000000 0.0911050926916 -2.0 0.0 1.0 0.0 0.0 0.0
0.266000000 0.0900601804263 -2.0 0.0 1.0 0.0 0.0 0.0
0.267000000 0.089020252085 -2.0 0.0 1.0 0.0 0.0 0.0
0.267407988 0.088597407538 -2.0 0.0 1.0 0.0 0.0 0.0
0.268000000 0.0879853179139 -2.0 0.0 1.0 0.0 0.0 0.0
0.269000000 0.0869553879752 -2.0 0.0 1.0 0.0 0.0 0.0
0.270000000 0.0859304721465 -2.0 0.0 1.0 0.0 0.0 0.0
0.271000000 0.0849105801215 -2.0 0.0 1.0 0.0 0.0 0.0
0.272000000 0.0838957214098 -2.0 0.0 1.0 0.0 0.0 0.0
0.272237064 0.0836558733813 -2.0 0.0 1.0 0.0 0.0 0.0
0.273000000 0.0828859053365 -2.0 0.0 1.0 0.0 0.0 0.0
0.274000000 0.0818811410429 -2.0 0.0 1.0 0.0 0.0 0.0
0.275000000 0.0808814374857 -2.0 0.0 1.0 0.0 0.0 0.0
0.276000000 0.0798868034377 -2.0 0.0 1.0 0.0 0.0 0.0
0.277000000 0.0788972474876 -2.0 0.0 1.0 0.0 0.0 0.0
0.277181961 0.0787177326619 -2.0 0.0 1.0 0.0 0.0 0.0
0.278000000 0.0779127780396 -2.0 0.0 1.0 0.0 0.0 0.0
0.279000000 0.0769334033139 -2.0 0.0 1.0 0.0 0.0 0.0
0.280000000 0.0759591313466 -2.0 0.0 1.0 0.0 0.0 0.0
0.281000000 0.0749899699894 -2.0 0.0 1.0 0.0 0.0 0.0
0.282000000 0.0740259269101 -2.0 0.0 1.0 0.0 0.0 0.0
0.282252500 0.0737833154598 -2.0 0.0 1.0 0.0 0.0 0.0
0.283000000 0.073067009592 -2.0 0.0 1.0 0.0 0.0 0.0
0.284000000 0.0721132253345 -2.0 0.0 1.0 0.0 0.0 0.0
0.285000000 0.0711645812526 -2.0 0.0 1.0 0.0 0.0 0.0
0.286000000 0.0702210842772 -2.0 0.0 1.0 0.0 0.0 0.0
0.287000000 0.0692827411552 -2.0 0.0 1.0 0.0 0.0 0.0
0.287459819 0.0688530042384 -2.0 0.0 1.0 0.0 0.0 0.0
0.288000000 0.0683495584489 -2.0 0.0 1.0 0.0 0.0 0.0
0.289000000 0.0674215425368 -2.0 0.0 1.0 0.0 0.0 0.0
0.290000000 0.0664986996131 -2.0 0.0 1.0 0.0 0.0 0.0
0.291000000 0.0655810356878 -2.0 0.0 1.0 0.0 0.0 0.0
0.292000000 0.0646685565867 -2.0 0.0 1.0 0.0 0.0 0.0
0.292816633 0.0639272451078 -2.0 0.0 1.0 0.0 0.0 0.0
0.293000000 0.0637612679514 -2.0 0.0 1.0 0.0 0.0 0.0
0.294000000 0.0628591752393 -2.0 0.0 1.0 0.0 0.0 0.0
0.295000000 0.0619622837238 -2.0 0.0 1.0 0.0 0.0 0.0
0.296000000 0.0610705984939 -2.0 0.0 1.0 0.0 0.0 0.0
0.297000000 0.0601841244546 -2.0 0.0 1.0 0.0 0.0 0.0
0.298000000 0.0593028663265 -2.0 0.0 1.0 0.0 0.0 0.0
0.298337564 0.0590065628922 -2.0 0.0 1.0 0.0 0.0 0.0
0.299000000 0.0584268286463 -2.0 0.0 1.0 0.0 0.0 0.0
0.300000000 0.0575560157662 -2.0 0.0 1.0 0.0 0.0 0.0
0.301000000 0.0566904318544 -2.0 0.0 1.0 0.0 0.0 0.0
0.302000000 0.055830080895 -2.0 0.0 1.0 0.0 0.0 0.0
0.303000000 0.0549749666877 -2.0 0.0 1.0 0.0 0.0 0.0
0.304000000 0.0541250928482 -2.0 0.0 1.0 0.0 0.0 0.0
0.304039558 0.0540915805842 -2.0 0.0 1.0 0.0 0.0 0.0
0.305000000 0.053280462808 -2.0 0.0 1.0 0.0 0.0 0.0
0.306000000 0.0524410798142 -2.0 0.0 1.0 0.0 0.0 0.0
0.307000000 0.0516069469299 -2.0 0.0 1.0 0.0 0.0 0.0
0.308000000 0.0507780670342 -2.0 0.0 1.0 0.0 0.0 0.0
0.309000000 0.0499544428217 -2.0 0.0 1.0 0.0 0.0 0.0
0.309942431 0.0491830462237 -2.0 0.0 1.0 0.0 0.0 0.0
0.310000000 0.0491360768028 -2.0 0.0 1.0 0.0 0.0 0.0
0.311000000 0.0483229713041 -2.0 0.0 1.0 0.0 0.0 0.0
0.312000000 0.0475151284676 -2.0 0.0 1.0 0.0 0.0 0.0
0.313000000 0.0467125502514 -2.0 0.0 1.0 0.0 0.0 0.0
0.314000000 0.0459152384292 -2.0 0.0 1.0 0.0 0.0 0.0
0.315000000 0.0451231945906 -2.0 0.0 1.0 0.0 0.0 0.0
0.316000000 0.0443364201412 -2.0 0.0 1.0 0.0 0.0 0.0
0.316069588 0.0442818657353 -2.0 0.0 1.0 0.0 0.0 0.0
0.317000000 0.0435549163022 -2.0 0.0 1.0 0.0 0.0 0.0
0.318000000 0.0427786841106 -2.0 0.0 1.0 0.0 0.0 0.0
0.319000000 0.0420077244194 -2.0 0.0 1.0 0.0 0.0 0.0
0.320000000 0.0412420378972 -2.0 0.0 1.0 0.0 0.0 0.0
0.321000000 0.0404816250287 -2.0 0.0 1.0 0.0 0.0 0.0
0.322000000 0.039726486114 -2.0 0.0 1.0 0.0 0.0 0.0
0.322448989 0.0393891521926 -2.0 0.0 1.0 0.0 0.0 0.0
0.323000000 0.0389766212695 -2.0 0.0 1.0 0.0 0.0 0.0
0.324000000 0.0382320304271 -2.0 0.0 1.0 0.0 0.0 0.0
0.325000000 0.0374927133346 -2.0 0.0 1.0 0.0 0.0 0.0
0.326000000 0.0367586695555 -2.0 0.0 1.0 0.0 0.0 0.0
0.327000000 0.0360298984695 -2.0 0.0 1.0 0.0 0.0 0.0
0.328000000 0.0353063992716 -2.0 0.0 1.0 0.0 0.0 0.0
0.329000000 0.034588170973 -2.0 0.0 1.0 0.0 0.0 0.0
0.329114465 0.0345062946711 -2.0 0.0 1.0 0.0 0.0 0.0
0.330000000 0.0338752124006 -2.0 0.0 1.0 0.0 0.0 0.0
0.331000000 0.0331675221971 -2.0 0.0 1.0 0.0 0.0 0.0
0.332000000 0.032465098821 -2.0 0.0 1.0 0.0 0.0 0.0
0.333000000 0.0317679405466 -2.0 0.0 1.0 0.0 0.0 0.0
0.334000000 0.0310760454641 -2.0 0.0 1.0 0.0 0.0 0.0
0.335000000 0.0303894114795 -2.0 0.0 1.0 0.0 0.0 0.0
0.336000000 0.0297080363146 -2.0 0.0 1.0 0.0 0.0 0.0
0.336107569 0.0296350543199 -2.0 0.0 1.0 0.0 0.0 0.0
0.337000000 0.029031917507 -2.0 0.0 1.0 0.0 0.0 0.0
0.338000000 0.0283610524101 -2.0 0.0 1.0 0.0 0.0 0.0
0.339000000 0.0276954381932 -2.0 0.0 1.0 0.0 0.0 0.0
0.340000000 0.0270350718413 -2.0 0.0 1.0 0.0 0.0 0.0
0.341000000 0.0263799501554 -2.0 0.0 1.0 0.0 0.0 0.0
0.342000000 0.0257300697521 -2.0 0.0 1.0 0.0 0.0 0.0
0.343000000 0.025085427064 -2.0 0.0 1.0 0.0 0.0 0.0
0.343480229 0.0247777108399 -2.0 0.0 1.0 0.0 0.0 0.0
0.344000000 0.0244460183393 -2.0 0.0 1.0 0.0 0.0 0.0
0.345000000 0.0238118396423 -2.0 0.0 1.0 0.0 0.0 0.0
0.346000000 0.0231828868529 -2.0 0.0 1.0 0.0 0.0 0.0
0.347000000 0.022559155667 -2.0 0.0 1.0 0.0 0.0 0.0
0.348000000 0.021940641596 -2.0 0.0 1.0 0.0 0.0 0.0
0.349000000 0.0213273399675 -2.0 0.0 1.0 0.0 0.0 0.0
0.350000000 0.0207192459247 -2.0 0.0 1.0 0.0 0.0 0.0
0.351000000 0.0201163544267 -2.0 0.0 1.0 0.0 0.0 0.0
0.351298690 0.0199372845982 -2.0 0.0 1.0 0.0 0.0 0.0
0.352000000 0.0195186602482 -2.0 0.0 1.0 0.0 0.0 0.0
0.353000000 0.0189261579802 -2.0 0.0 1.0 0.0 0.0 0.0
0.354000000 0.0183388420289 -2.0 0.0 1.0 0.0 0.0 0.0
0.355000000 0.0177567066169 -2.0 0.0 1.0 0.0 0.0 0.0
0.356000000 0.0171797457821 -2.0 0.0 1.0 0.0 0.0 0.0
0.357000000 0.0166079533787 -2.0 0.0 1.0 0.0 0.0 0.0
0.358000000 0.0160413230764 -2.0 0.0 1.0 0.0 0.0 0.0
0.359000000 0.0154798483607 -2.0 0.0 1.0 0.0 0.0 0.0
0.359649563 0.0151178940707 -2.0 0.0 1.0 0.0 0.0 0.0
0.360000000 0.0149235225332 -2.0 0.0 1.0 0.0 0.0 0.0
0.361000000 0.014372338711 -2.0 0.0 1.0 0.0 0.0 0.0
0.362000000 0.0138262898272 -2.0 0.0 1.0 0.0 0.0 0.0
0.363000000 0.0132853686307 -2.0 0.0 1.0 0.0 0.0 0.0
0.364000000 0.0127495676862 -2.0 0.0 1.0 0.0 0.0 0.0
0.365000000 0.0122188793742 -2.0 0.0 1.0 0.0 0.0 0.0
0.366000000 0.0116932958909 -2.0 0.0 1.0 0.0 0.0 0.0
0.367000000 0.0111728092486 -2.0 0.0 1.0 0.0 0.0 0.0
0.368000000 0.0106574112753 -2.0 0.0 1.0 0.0 0.0 0.0
0.368649554 0.0103253545771 -2.0 0.0 1.0 0.0 0.0 0.0
0.369000000 0.0101470936146 -2.0 0.0 1.0 0.0 0.0 0.0
0.370000000 0.00964184772629 -2.0 0.0 1.0 0.0 0.0 0.0
0.371000000 0.00914166488565 -2.0 0.0 1.0 0.0 0.0 0.0
0.372000000 0.00864653618397 -2.0 0.0 1.0 0.0 0.0 0.0
0.373000000 0.00815645252828 -2.0 0.0 1.0 0.0 0.0 0.0
0.374000000 0.00767140464147 -2.0 0.0 1.0 0.0 0.0 0.0
0.375000000 0.00719138306221 -2.0 0.0 1.0 0.0 0.0 0.0
0.376000000 0.00671637814502 -2.0 0.0 1.0 0.0 0.0 0.0
0.377000000 0.00624638006021 -2.0 0.0 1.0 0.0 0.0 0.0
0.378000000 0.00578137879393 -2.0 0.0 1.0 0.0 0.0 0.0
0.378461973 0.00556824522452 -2.0 0.0 1.0 0.0 0.0 0.0
0.379000000 0.00532136414813 -2.0 0.0 1.0 0.0 0.0 0.0
0.380000000 0.00486632574058 -2.0 0.0 1.0 0.0 0.0 0.0
0.381000000 0.0044162530049 -2.0 0.0 1.0 0.0 0.0 0.0
0.382000000 0.00397113519047 -2.0 0.0 1.0 0.0 0.0 0.0
0.383000000 0.00353096136254 -2.0 0.0 1.0 0.0 0.0 0.0
0.384000000 0.00309572040214 -2.0 0.0 1.0 0.0 0.0 0.0
0.385000000 0.00266540100615 -2.0 0.0 1.0 0.0 0.0 0.0
0.386000000 0.00223999168724 -2.0 0.0 1.0 0.0 0.0 0.0
0.387000000 0.00181948077392 -2.0 0.0 1.0 0.0 0.0 0.0
0.388000000 0.0014038564105 -2.0 0.0 1.0 0.0 0.0 0.0
0.389000000 0.00099310655711 -2.0 0.0 1.0 0.0 0.0 0.0
0.389326727 0.000859957874971 -2.0 0.0 1.0 0.0 0.0 0.0
0.390000000 0.000587218989713 -2.0 0.0 1.0 0.0 0.0 0.0
0.391000000 0.000186181300075 -2.0 0.0 1.0 0.0 0.0 0.0
0.392000000 -0.000210019104215 -2.0 0.0 1.0 0.0 0.0 0.0
0.393000000 -0.000601394999752 -2.0 0.0 1.0 0.0 0.0 0.0
0.394000000 -0.000987959347313 -2.0 0.0 1.0 0.0 0.0 0.0
0.395000000 -0.00136972529186 -2.0 0.0 1.0 0.0 0.0 0.0
0.396000000 -0.00174670616252 -2.0 0.0 1.0 0.0 0.0 0.0
0.397000000 -0.00211891547263 -2.0 0.0 1.0 0.0 0.0 0.0
0.398000000 -0.0024863669197 -2.0 0.0 1.0 0.0 0.0 0.0
0.399000000 -0.0028490743854 -2.0 0.0 1.0 0.0 0.0 0.0
0.400000000 -0.00320705193562 -2.0 0.0 1.0 0.0 0.0 0.0
0.401000000 -0.00356031382039 -2.0 0.0 1.0 0.0 0.0 0.0
0.401619932 -0.00377695083496 -2.0 0.0 1.0 0.0 0.0 0.0
0.402000000 -0.00390887447397 -2.0 0.0 1.0 0.0 0.0 0.0
0.403000000 -0.00425274851476 -2.0 0.0 1.0 0.0 0.0 0.0
0.404000000 -0.00459195074536 -2.0 0.0 1.0 0.0 0.0 0.0
0.405000000 -0.00492649615256 -2.0 0.0 1.0 0.0 0.0 0.0
0.406000000 -0.00525639990732 -2.0 0.0 1.0 0.0 0.0 0.0
0.407000000 -0.00558167736479 -2.0 0.0 1.0 0.0 0.0 0.0
0.408000000 -0.00590234406429 -2.0 0.0 1.0 0.0 0.0 0.0
0.409000000 -0.00621841572934 -2.0 0.0 1.0 0.0 0.0 0.0
0.410000000 -0.00652990826762 -2.0 0.0 1.0 0.0 0.0 0.0
0.411000000 -0.00683683777102 -2.0 0.0 1.0 0.0 0.0 0.0
0.412000000 -0.0071392205156 -2.0 0.0 1.0 0.0 0.0 0.0
0.413000000 -0.00743707296158 -2.0 0.0 1.0 0.0 0.0 0.0
0.414000000 -0.0077304117534 -2.0 0.0 1.0 0.0 0.0 0.0
0.415000000 -0.00801925371966 -2.0 0.0 1.0 0.0 0.0 0.0
0.415987864 -0.00830019171819 -2.0 0.0 1.0 0.0 0.0 0.0
0.416000000 -0.00830361587314 -2.0 0.0 1.0 0.0 0.0 0.0
0.417000000 -0.00858351541082 -2.0 0.0 1.0 0.0 0.0 0.0
0.418000000 -0.00885896971385 -2.0 0.0 1.0 0.0 0.0 0.0
0.419000000 -0.00912999634756 -2.0 0.0 1.0 0.0 0.0 0.0
0.420000000 -0.00939661306147 -2.0 0.0 1.0 0.0 0.0 0.0
0.421000000 -0.00965883778927 -2.0 0.0 1.0 0.0 0.0 0.0
0.422000000 -0.00991668864884 -2.0 0.0 1.0 0.0 0.0 0.0
0.423000000 -0.0101701839423 -2.0 0.0 1.0 0.0 0.0 0.0
0.424000000 -0.0104193421558 -2.0 0.0 1.0 0.0 0.0 0.0
0.425000000 -0.0106641819598 -2.0 0.0 1.0 0.0 0.0 0.0
0.426000000 -0.0109047222089 -2.0 0.0 1.0 0.0 0.0 0.0
0.427000000 -0.0111409819419 -2.0 0.0 1.0 0.0 0.0 0.0
0.428000000 -0.0113729803819 -2.0 0.0 1.0 0.0 0.0 0.0
0.429000000 -0.0116007369359 -2.0 0.0 1.0 0.0 0.0 0.0
0.430000000 -0.0118242711952 -2.0 0.0 1.0 0.0 0.0 0.0
0.431000000 -0.0120436029355 -2.0 0.0 1.0 0.0 0.0 0.0
0.432000000 -0.0122587521164 -2.0 0.0 1.0 0.0 0.0 0.0
0.433000000 -0.0124697388818 -2.0 0.0 1.0 0.0 0.0 0.0
0.433706915 -0.0126163884014 -2.0 0.0 1.0 0.0 0.0 0.0
0.434000000 -0.0126765835597 -2.0 0.0 1.0 0.0 0.0 0.0
0.435000000 -0.0128793066624 -2.0 0.0 1.0 0.0 0.0 0.0
0.436000000 -0.0130779288864 -2.0 0.0 1.0 0.0 0.0 0.0
0.437000000 -0.0132724711123 -2.0 0.0 1.0 0.0 0.0 0.0
0.438000000 -0.0134629544048 -2.0 0.0 1.0 0.0 0.0 0.0
0.439000000 -0.013649400013 -2.0 0.0 1.0 0.0 0.0 0.0
0.440000000 -0.0138318293699 -2.0 0.0 1.0 0.0 0.0 0.0
0.441000000 -0.014010264093 -2.0 0.0 1.0 0.0 0.0 0.0
0.442000000 -0.0141847259838 -2.0 0.0 1.0 0.0 0.0 0.0
0.443000000 -0.014355237028 -2.0 0.0 1.0 0.0 0.0 0.0
0.444000000 -0.0145218193954 -2.0 0.0 1.0 0.0 0.0 0.0
0.445000000 -0.0146844954402 -2.0 0.0 1.0 0.0 0.0 0.0
0.446000000 -0.0148432877005 -2.0 0.0 1.0 0.0 0.0 0.0
0.447000000 -0.014998218899 -2.0 0.0 1.0 0.0 0.0 0.0
0.448000000 -0.015149311942 -2.0 0.0 1.0 0.0 0.0 0.0
0.449000000 -0.0152965899206 -2.0 0.0 1.0 0.0 0.0 0.0
0.450000000 -0.0154400761095 -2.0 0.0 1.0 0.0 0.0 0.0
0.451000000 -0.0155797939681 -2.0 0.0 1.0 0.0 0.0 0.0
0.452000000 -0.0157157671397 -2.0 0.0 1.0 0.0 0.0 0.0
0.453000000 -0.0158480194517 -2.0 0.0 1.0 0.0 0.0 0.0
0.454000000 -0.015976574916 -2.0 0.0 1.0 0.0 0.0 0.0
0.455000000 -0.0161014577284 -2.0 0.0 1.0 0.0 0.0 0.0
0.456000000 -0.0162226922689 -2.0 0.0 1.0 0.0 0.0 0.0
0.457000000 -0.0163403031019 -2.0 0.0 1.0 0.0 0.0 0.0
0.457980015 -0.0164520715678 -2.0 0.0 1.0 0.0 0.0 0.0
0.458000000 -0.0164543149758 -2.0 0.0 1.0 0.0 0.0 0.0
0.459000000 -0.0165647528232 -2.0 0.0 1.0 0.0 0.0 0.0
0.460000000 -0.0166716417609 -2.0 0.0 1.0 0.0 0.0 0.0
0.461000000 -0.01677500709 -2.0 0.0 1.0 0.0 0.0 0.0
0.462000000 -0.0168748742955 -2.0 0.0 1.0 0.0 0.0 0.0
0.463000000 -0.0169712690468 -2.0 0.0 1.0 0.0 0.0 0.0
0.464000000 -0.0170642171976 -2.0 0.0 1.0 0.0 0.0 0.0
0.465000000 -0.0171537447854 -2.0 0.0 1.0 0.0 0.0 0.0
0.466000000 -0.0172398780322 -2.0 0.0 1.0 0.0 0.0 0.0
0.467000000 -0.017322643344 -2.0 0.0 1.0 0.0 0.0 0.0
0.468000000 -0.0174020672836 -2.0 0.0 1.0 0.0 0.0 0.0
0.469000000 -0.0174781764478 -2.0 0.0 1.0 0.0 0.0 0.0
0.470000000 -0.0175509974083 -2.0 0.0 1.0 0.0 0.0 0.0
0.471000000 -0.01762055671 -2.0 0.0 1.0 0.0 0.0 0.0
0.472000000 -0.017686880871 -2.0 0.0 1.0 0.0 0.0 0.0
0.473000000 -0.0177499963822 -2.0 0.0 1.0 0.0 0.0 0.0
0.474000000 -0.0178099297081 -2.0 0.0 1.0 0.0 0.0 0.0
0.475000000 -0.0178667072861 -2.0 0.0 1.0 0.0 0.0 0.0
0.476000000 -0.0179203555266 -2.0 0.0 1.0 0.0 0.0 0.0
0.477000000 -0.0179709008135 -2.0 0.0 1.0 0.0 0.0 0.0
0.478000000 -0.0180183695036 -2.0 0.0 1.0 0.0 0.0 0.0
0.479000000 -0.0180627879268 -2.0 0.0 1.0 0.0 0.0 0.0
0.480000000 -0.0181041823863 -2.0 0.0 1.0 0.0 0.0 0.0
0.481000000 -0.0181425791584 -2.0 0.0 1.0 0.0 0.0 0.0
0.482000000 -0.0181780044924 -2.0 0.0 1.0 0.0 0.0 0.0
0.483000000 -0.0182104846109 -2.0 0.0 1.0 0.0 0.0 0.0
0.484000000 -0.0182400457096 -2.0 0.0 1.0 0.0 0.0 0.0
0.485000000 -0.0182667139574 -2.0 0.0 1.0 0.0 0.0 0.0
0.486000000 -0.0182905154961 -2.0 0.0 1.0 0.0 0.0 0.0
0.487000000 -0.018311476441 -2.0 0.0 1.0 0.0 0.0 0.0
0.488000000 -0.0183296228802 -2.0 0.0 1.0 0.0 0.0 0.0
0.489000000 -0.0183449808752 -2.0 0.0 1.0 0.0 0.0 0.0
0.490000000 -0.0183575764605 -2.0 0.0 1.0 0.0 0.0 0.0
0.491000000 -0.0183674356438 -2.0 0.0 1.0 0.0 0.0 0.0
0.492000000 -0.0183745844059 -2.0 0.0 1.0 0.0 0.0 0.0
0.493000000 -0.0183790487006 -2.0 0.0 1.0 0.0 0.0 0.0
0.494000000 -0.0183808544553 -2.0 0.0 1.0 0.0 0.0 0.0
0.495000000 -0.01838002757 -2.0 0.0 1.0 0.0 0.0 0.0
0.496000000 -0.0183765939181 -2.0 0.0 1.0 0.0 0.0 0.0
0.497000000 -0.0183705793462 -2.0 0.0 1.0 0.0 0.0 0.0
0.498000000 -0.018362009674 -2.0 0.0 1.0 0.0 0.0 0.0
0.499000000 -0.0183509106942 -2.0 0.0 1.0 0.0 0.0 0.0
0.500000000 -0.0183373081727 -2.0 0.0 1.0 0.0 0.0 0.0
0.501000000 -0.0183212278487 -2.0 0.0 1.0 0.0 0.0 0.0
0.502000000 -0.0183026954344 -2.0 0.0 1.0 0.0 0.0 0.0
0.502506730 -0.0182923765865 -2.0 0.0 1.0 0.0 0.0 0.0
0.503000000 -0.0182817366151 -2.0 0.0 1.0 0.0 0.0 0.0
0.504000000 -0.0182583770494 -2.0 0.0 1.0 0.0 0.0 0.0
0.505000000 -0.0182326423688 -2.0 0.0 1.0 0.0 0.0 0.0
0.506000000 -0.0182045581782 -2.0 0.0 1.0 0.0 0.0 0.0
0.507000000 -0.0181741500555 -2.0 0.0 1.0 0.0 0.0 0.0
0.508000000 -0.0181414435517 -2.0 0.0 1.0 0.0 0.0 0.0
0.509000000 -0.0181064641911 -2.0 0.0 1.0 0.0 0.0 0.0
0.510000000 -0.018069237471 -2.0 0.0 1.0 0.0 0.0 0.0
0.511000000 -0.0180297888619 -2.0 0.0 1.0 0.0 0.0 0.0
0.512000000 -0.0179881438075 -2.0 0.0 1.0 0.0 0.0 0.0
0.513000000 -0.0179443277244 -2.0 0.0 1.0 0.0 0.0 0.0
0.514000000 -0.0178983660027 -2.0 0.0 1.0 0.0 0.0 0.0
0.515000000 -0.0178502840052 -2.0 0.0 1.0 0.0 0.0 0.0
0.516000000 -0.0178001070684 -2.0 0.0 1.0 0.0 0.0 0.0
0.517000000 -0.0177478605014 -2.0 0.0 1.0 0.0 0.0 0.0
0.518000000 -0.0176935695867 -2.0 0.0 1.0 0.0 0.0 0.0
0.519000000 -0.0176372595801 -2.0 0.0 1.0 0.0 0.0 0.0
0.520000000 -0.0175789557101 -2.0 0.0 1.0 0.0 0.0 0.0
0.521000000 -0.0175186831787 -2.0 0.0 1.0 0.0 0.0 0.0
0.522000000 -0.017456467161 -2.0 0.0 1.0 0.0 0.0 0.0
0.523000000 -0.0173923328051 -2.0 0.0 1.0 0.0 0.0 0.0
0.524000000 -0.0173263052323 -2.0 0.0 1.0 0.0 0.0 0.0
0.525000000 -0.0172584095372 -2.0 0.0 1.0 0.0 0.0 0.0
0.526000000 -0.0171886707872 -2.0 0.0 1.0 0.0 0.0 0.0
0.527000000 -0.0171171140231 -2.0 0.0 1.0 0.0 0.0 0.0
0.528000000 -0.0170437642589 -2.0 0.0 1.0 0.0 0.0 0.0
0.529000000 -0.0169686464814 -2.0 0.0 1.0 0.0 0.0 0.0
0.530000000 -0.016891785651 -2.0 0.0 1.0 0.0 0.0 0.0
0.531000000 -0.0168132067008 -2.0 0.0 1.0 0.0 0.0 0.0
0.532000000 -0.0167329345373 -2.0 0.0 1.0 0.0 0.0 0.0
0.533000000 -0.0166509940402 -2.0 0.0 1.0 0.0 0.0 0.0
0.534000000 -0.0165674100621 -2.0 0.0 1.0 0.0 0.0 0.0
0.535000000 -0.0164822074289 -2.0 0.0 1.0 0.0 0.0 0.0
0.536000000 -0.0163954109395 -2.0 0.0 1.0 0.0 0.0 0.0
0.537000000 -0.0163070453662 -2.0 0.0 1.0 0.0 0.0 0.0
0.538000000 -0.0162171354543 -2.0 0.0 1.0 0.0 0.0 0.0
0.539000000 -0.0161257059221 -2.0 0.0 1.0 0.0 0.0 0.0
0.540000000 -0.0160327814612 -2.0 0.0 1.0 0.0 0.0 0.0
0.541000000 -0.0159383867363 -2.0 0.0 1.0 0.0 0.0 0.0
0.542000000 -0.0158425463853 -2.0 0.0 1.0 0.0 0.0 0.0
0.543000000 -0.0157452850191 -2.0 0.0 1.0 0.0 0.0 0.0
0.544000000 -0.015646627222 -2.0 0.0 1.0 0.0 0.0 0.0
0.545000000 -0.0155465975511 -2.0 0.0 1.0 0.0 0.0 0.0
0.546000000 -0.0154452205368 -2.0 0.0 1.0 0.0 0.0 0.0
0.547000000 -0.0153425206828 -2.0 0.0 1.0 0.0 0.0 0.0
0.548000000 -0.0152385224657 -2.0 0.0 1.0 0.0 0.0 0.0
0.549000000 -0.0151332503353 -2.0 0.0 1.0 0.0 0.0 0.0
0.550000000 -0.0150267287147 -2.0 0.0 1.0 0.0 0.0 0.0
0.551000000 -0.0149189819998 -2.0 0.0 1.0 0.0 0.0 0.0
0.552000000 -0.0148100345601 -2.0 0.0 1.0 0.0 0.0 0.0
0.552506730 -0.0147543769053 -2.0 0.0 1.0 0.0 0.0 0.0
0.553000000 -0.0146999107378 -2.0 0.0 1.0 0.0 0.0 0.0
0.554000000 -0.0145886348486 -2.0 0.0 1.0 0.0 0.0 0.0
0.555000000 -0.014476231181 -2.0 0.0 1.0 0.0 0.0 0.0
0.556000000 -0.0143627239969 -2.0 0.0 1.0 0.0 0.0 0.0
0.557000000 -0.0142481375313 -2.0 0.0 1.0 0.0 0.0 0.0
0.558000000 -0.0141324959922 -2.0 0.0 1.0 0.0 0.0 0.0
0.559000000 -0.014015823561 -2.0 0.0 1.0 0.0 0.0 0.0
0.560000000 -0.0138981443919 -2.0 0.0 1.0 0.0 0.0 0.0
0.561000000 -0.0137794826125 -2.0 0.0 1.0 0.0 0.0 0.0
0.562000000 -0.0136598623235 -2.0 0.0 1.0 0.0 0.0 0.0
0.563000000 -0.0135393075986 -2.0 0.0 1.0 0.0 0.0 0.0
0.564000000 -0.0134178424848 -2.0 0.0 1.0 0.0 0.0 0.0
0.565000000 -0.0132954910022 -2.0 0.0 1.0 0.0 0.0 0.0
0.566000000 -0.013172277144 -2.0 0.0 1.0 0.0 0.0 0.0
0.567000000 -0.0130482248766 -2.0 0.0 1.0 0.0 0.0 0.0
0.568000000 -0.0129233581395 -2.0 0.0 1.0 0.0 0.0 0.0
0.569000000 -0.0127977008452 -2.0 0.0 1.0 0.0 0.0 0.0
0.570000000 -0.0126712768797 -2.0 0.0 1.0 0.0 0.0 0.0
0.571000000 -0.0125441101018 -2.0 0.0 1.0 0.0 0.0 0.0
0.572000000 -0.0124162243436 -2.0 0.0 1.0 0.0 0.0 0.0
0.573000000 -0.0122876434103 -2.0 0.0 1.0 0.0 0.0 0.0
0.574000000 -0.0121583910802 -2.0 0.0 1.0 0.0 0.0 0.0
0.575000000 -0.0120284911049 -2.0 0.0 1.0 0.0 0.0 0.0
0.576000000 -0.0118979672089 -2.0 0.0 1.0 0.0 0.0 0.0
0.577000000 -0.0117668430901 -2.0 0.0 1.0 0.0 0.0 0.0
0.578000000 -0.0116351424194 -2.0 0.0 1.0 0.0 0.0 0.0
0.579000000 -0.0115028888407 -2.0 0.0 1.0 0.0 0.0 0.0
0.580000000 -0.0113701059714 -2.0 0.0 1.0 0.0 0.0 0.0
0.581000000 -0.0112368174016 -2.0 0.0 1.0 0.0 0.0 0.0
0.582000000 -0.011103046695 -2.0 0.0 1.0 0.0 0.0 0.0
0.583000000 -0.0109688173881 -2.0 0.0 1.0 0.0 0.0 0.0
0.584000000 -0.0108341529906 -2.0 0.0 1.0 0.0 0.0 0.0
0.585000000 -0.0106990769855 -2.0 0.0 1.0 0.0 0.0 0.0
0.586000000 -0.0105636128288 -2.0 0.0 1.0 0.0 0.0 0.0
0.587000000 -0.0104277839497 -2.0 0.0 1.0 0.0 0.0 0.0
0.588000000 -0.0102916137505 -2.0 0.0 1.0 0.0 0.0 0.0
0.589000000 -0.0101551256066 -2.0 0.0 1.0 0.0 0.0 0.0
0.590000000 -0.0100183428667 -2.0 0.0 1.0 0.0 0.0 0.0
0.591000000 -0.00988128885244 -2.0 0.0 1.0 0.0 0.0 0.0
0.592000000 -0.00974398685877 -2.0 0.0 1.0 0.0 0.0 0.0
0.593000000 -0.00960646015369 -2.0 0.0 1.0 0.0 0.0 0.0
0.594000000 -0.00946873197836 -2.0 0.0 1.0 0.0 0.0 0.0
0.595000000 -0.00933082554707 -2.0 0.0 1.0 0.0 0.0 0.0
0.596000000 -0.00919276404729 -2.0 0.0 1.0 0.0 0.0 0.0
0.597000000 -0.00905457063957 -2.0 0.0 1.0 0.0 0.0 0.0
0.597906513 -0.00892920178715 -2.0 0.0 1.0 0.0 0.0 0.0
0.598000000 -0.00891626845766 -2.0 0.0 1.0 0.0 0.0 0.0
0.599000000 -0.00877788060841 -2.0 0.0 1.0 0.0 0.0 0.0
0.600000000 -0.00863943017184 -2.0 0.0 1.0 0.0 0.0 0.0
0.601000000 -0.00850094020107 -2.0 0.0 1.0 0.0 0.0 0.0
0.602000000 -0.00836243372241 -2.0 0.0 1.0 0.0 0.0 0.0
0.603000000 -0.00822393373527 -2.0 0.0 1.0 0.0 0.0 0.0
0.604000000 -0.00808546321223 -2.0 0.0 1.0 0.0 0.0 0.0
0.605000000 -0.007947045099 -2.0 0.0 1.0 0.0 0.0 0.0
0.606000000 -0.00780870231441 -2.0 0.0 1.0 0.0 0.0 0.0
0.607000000 -0.00767045775047 -2.0 0.0 1.0 0.0 0.0 0.0
0.608000000 -0.00753233427229 -2.0 0.0 1.0 0.0 0.0 0.0
0.609000000 -0.00739435471817 -2.0 0.0 1.0 0.0 0.0 0.0
0.610000000 -0.00725654189949 -2.0 0.0 1.0 0.0 0.0 0.0
0.611000000 -0.00711891860082 -2.0 0.0 1.0 0.0 0.0 0.0
0.612000000 -0.00698150757985 -2.0 0.0 1.0 0.0 0.0 0.0
0.613000000 -0.00684433156741 -2.0 0.0 1.0 0.0 0.0 0.0
0.614000000 -0.00670741326747 -2.0 0.0 1.0 0.0 0.0 0.0
0.615000000 -0.00657077535716 -2.0 0.0 1.0 0.0 0.0 0.0
0.616000000 -0.00643444048672 -2.0 0.0 1.0 0.0 0.0 0.0
0.617000000 -0.00629843127955 -2.0 0.0 1.0 0.0 0.0 0.0
0.618000000 -0.00616277033219 -2.0 0.0 1.0 0.0 0.0 0.0
0.619000000 -0.00602748021431 -2.0 0.0 1.0 0.0 0.0 0.0
0.620000000 -0.00589258346874 -2.0 0.0 1.0 0.0 0.0 0.0
0.621000000 -0.00575810261143 -2.0 0.0 1.0 0.0 0.0 0.0
0.622000000 -0.00562406013147 -2.0 0.0 1.0 0.0 0.0 0.0
0.623000000 -0.00549047849112 -2.0 0.0 1.0 0.0 0.0 0.0
0.624000000 -0.00535738012575 -2.0 0.0 1.0 0.0 0.0 0.0
0.625000000 -0.00522478744388 -2.0 0.0 1.0 0.0 0.0 0.0
0.626000000 -0.00509272282717 -2.0 0.0 1.0 0.0 0.0 0.0
0.627000000 -0.00496120863043 -2.0 0.0 1.0 0.0 0.0 0.0
0.628000000 -0.0048302671816 -2.0 0.0 1.0 0.0 0.0 0.0
0.629000000 -0.00469992078176 -2.0 0.0 1.0 0.0 0.0 0.0
0.630000000 -0.00457019170513 -2.0 0.0 1.0 0.0 0.0 0.0
0.631000000 -0.00444110219909 -2.0 0.0 1.0 0.0 0.0 0.0
0.632000000 -0.00431267448413 -2.0 0.0 1.0 0.0 0.0 0.0
0.633000000 -0.0041849307539 -2.0 0.0 1.0 0.0 0.0 0.0
0.634000000 -0.0040578931752 -2.0 0.0 1.0 0.0 0.0 0.0
0.634049149 -0.00405166794688 -2.0 0.0 1.0 0.0 0.0 0.0
0.635000000 -0.00393158388794 -2.0 0.0 1.0 0.0 0.0 0.0
0.636000000 -0.0038060250052 -2.0 0.0 1.0 0.0 0.0 0.0
0.637000000 -0.00368123861318 -2.0 0.0 1.0 0.0 0.0 0.0
0.638000000 -0.00355724677123 -2.0 0.0 1.0 0.0 0.0 0.0
0.639000000 -0.00343407151185 -2.0 0.0 1.0 0.0 0.0 0.0
0.640000000 -0.00331173484066 -2.0 0.0 1.0 0.0 0.0 0.0
0.641000000 -0.00319025873644 -2.0 0.0 1.0 0.0 0.0 0.0
0.642000000 -0.00306966515109 -2.0 0.0 1.0 0.0 0.0 0.0
0.643000000 -0.00294997600968 -2.0 0.0 1.0 0.0 0.0 0.0
0.644000000 -0.00283121321039 -2.0 0.0 1.0 0.0 0.0 0.0
0.645000000 -0.00271339862455 -2.0 0.0 1.0 0.0 0.0 0.0
0.646000000 -0.00259655409665 -2.0 0.0 1.0 0.0 0.0 0.0
0.647000000 -0.00248070144429 -2.0 0.0 1.0 0.0 0.0 0.0
0.648000000 -0.00236586245824 -2.0 0.0 1.0 0.0 0.0 0.0
0.649000000 -0.00225205890239 -2.0 0.0 1.0 0.0 0.0 0.0
0.650000000 -0.00213931251377 -2.0 0.0 1.0 0.0 0.0 0.0
0.651000000 -0.00202764500257 -2.0 0.0 1.0 0.0 0.0 0.0
0.652000000 -0.0019170780521 -2.0 0.0 1.0 0.0 0.0 0.0
0.653000000 -0.00180763331883 -2.0 0.0 1.0 0.0 0.0 0.0
0.654000000 -0.00169933243234 -2.0 0.0 1.0 0.0 0.0 0.0
0.655000000 -0.00159219699539 -2.0 0.0 1.0 0.0 0.0 0.0
0.656000000 -0.00148624858385 -2.0 0.0 1.0 0.0 0.0 0.0
0.657000000 -0.00138150874674 -2.0 0.0 1.0 0.0 0.0 0.0
0.658000000 -0.00127799900623 -2.0 0.0 1.0 0.0 0.0 0.0
0.659000000 -0.00117574085762 -2.0 0.0 1.0 0.0 0.0 0.0
0.660000000 -0.00107475576936 -2.0 0.0 1.0 0.0 0.0 0.0
0.661000000 -0.000975065183023 -2.0 0.0 1.0 0.0 0.0 0.0
0.662000000 -0.000876690513338 -2.0 0.0 1.0 0.0 0.0 0.0
0.663000000 -0.000779653148172 -2.0 0.0 1.0 0.0 0.0 0.0
0.664000000 -0.00068397444853 -2.0 0.0 1.0 0.0 0.0 0.0
0.665000000 -0.00058967574856 -2.0 0.0 1.0 0.0 0.0 0.0
0.666000000 -0.000496778355548 -2.0 0.0 1.0 0.0 0.0 0.0
0.667000000 -0.000405303549923 -2.0 0.0 1.0 0.0 0.0 0.0
0.668000000 -0.000315272585253 -2.0 0.0 1.0 0.0 0.0 0.0
0.669000000 -0.000226706688249 -2.0 0.0 1.0 0.0 0.0 0.0
0.670000000 -0.000139627058759 -2.0 0.0 1.0 0.0 0.0 0.0
0.671000000 -5.40548697753e-05 -2.0 0.0 1.0 0.0 0.0 0.0
0.672000000 2.99887325716e-05 -2.0 0.0 1.0 0.0 0.0 0.0
0.673000000 0.00011248262901 -2.0 0.0 1.0 0.0 0.0 0.0
0.673530732 0.000155628128206 -2.0 0.0 1.0 0.0 0.0 0.0
0.674000000 0.000193405727126 -2.0 0.0 1.0 0.0 0.0 0.0
0.675000000 0.000272736961367 -2.0 0.0 1.0 0.0 0.0 0.0
0.676000000 0.00035045529304 -2.0 0.0 1.0 0.0 0.0 0.0
0.677000000 0.000426539710309 -2.0 0.0 1.0 0.0 0.0 0.0
0.678000000 0.0005009692282 -2.0 0.0 1.0 0.0 0.0 0.0
0.679000000 0.000573722888596 -2.0 0.0 1.0 0.0 0.0 0.0
0.680000000 0.000644779760242 -2.0 0.0 1.0 0.0 0.0 0.0
0.681000000 0.000714118938739 -2.0 0.0 1.0 0.0 0.0 0.0
0.682000000 0.000781719546551 -2.0 0.0 1.0 0.0 0.0 0.0
0.683000000 0.000847560732998 -2.0 0.0 1.0 0.0 0.0 0.0
0.684000000 0.000911621674262 -2.0 0.0 1.0 0.0 0.0 0.0
0.685000000 0.000973881573384 -2.0 0.0 1.0 0.0 0.0 0.0
0.686000000 0.00103431966026 -2.0 0.0 1.0 0.0 0.0 0.0
0.687000000 0.00109291519165 -2.0 0.0 1.0 0.0 0.0 0.0
0.688000000 0.00114964745118 -2.0 0.0 1.0 0.0 0.0 0.0
0.689000000 0.00120449574932 -2.0 0.0 1.0 0.0 0.0 0.0
0.690000000 0.00125743942341 -2.0 0.0 1.0 0.0 0.0 0.0
0.691000000 0.00130845783764 -2.0 0.0 1.0 0.0 0.0 0.0
0.692000000 0.00135753038308 -2.0 0.0 1.0 0.0 0.0 0.0
0.693000000 0.00140463647763 -2.0 0.0 1.0 0.0 0.0 0.0
0.694000000 0.00144975556607 -2.0 0.0 1.0 0.0 0.0 0.0
0.695000000 0.00149286712003 -2.0 0.0 1.0 0.0 0.0 0.0
0.696000000 0.00153395063801 -2.0 0.0 1.0 0.0 0.0 0.0
0.697000000 0.00157298564536 -2.0 0.0 1.0 0.0 0.0 0.0
0.698000000 0.0016099516943 -2.0 0.0 1.0 0.0 0.0 0.0
0.699000000 0.00164482836389 -2.0 0.0 1.0 0.0 0.0 0.0
0.700000000 0.00167759526006 -2.0 0.0 1.0 0.0 0.0 0.0
0.701000000 0.0017082320156 -2.0 0.0 1.0 0.0 0.0 0.0
0.702000000 0.00173671829017 -2.0 0.0 1.0 0.0 0.0 0.0
0.703000000 0.00176303377027 -2.0 0.0 1.0 0.0 0.0 0.0
0.704000000 0.00178715816927 -2.0 0.0 1.0 0.0 0.0 0.0
0.705000000 0.0018090712274 -2.0 0.0 1.0 0.0 0.0 0.0
0.706000000 0.00182875271174 -2.0 0.0 1.0 0.0 0.0 0.0
0.707000000 0.00184618241624 -2.0 0.0 1.0 0.0 0.0 0.0
0.708000000 0.00186134016171 -2.0 0.0 1.0 0.0 0.0 0.0
0.709000000 0.00187420579581 -2.0 0.0 1.0 0.0 0.0 0.0
0.710000000 0.00188475919306 -2.0 0.0 1.0 0.0 0.0 0.0
0.711000000 0.00189298025485 -2.0 0.0 1.0 0.0 0.0 0.0
0.712000000 0.00189884890942 -2.0 0.0 1.0 0.0 0.0 0.0
0.713000000 0.00190234511188 -2.0 0.0 1.0 0.0 0.0 0.0
0.714000000 0.00190344884418 -2.0 0.0 1.0 0.0 0.0 0.0
0.715000000 0.00190214011514 -2.0 0.0 1.0 0.0 0.0 0.0
0.716000000 0.00189839896045 -2.0 0.0 1.0 0.0 0.0 0.0
0.717000000 0.00189220544265 -2.0 0.0 1.0 0.0 0.0 0.0
0.718000000 0.00188353965113 -2.0 0.0 1.0 0.0 0.0 0.0
0.719000000 0.00187238170215 -2.0 0.0 1.0 0.0 0.0 0.0
0.720000000 0.00185871173884 -2.0 0.0 1.0 0.0 0.0 0.0
0.721000000 0.00184250993116 -2.0 0.0 1.0 0.0 0.0 0.0
0.722000000 0.00182375647596 -2.0 0.0 1.0 0.0 0.0 0.0
0.723000000 0.00180243159693 -2.0 0.0 1.0 0.0 0.0 0.0
0.723530732 0.00179006248742 -2.0 0.0 1.0 0.0 0.0 0.0
0.724000000 0.00177851554462 -2.0 0.0 1.0 0.0 0.0 0.0
0.725000000 0.00175198859645 -2.0 0.0 1.0 0.0 0.0 0.0
0.726000000 0.00172283105669 -2.0 0.0 1.0 0.0 0.0 0.0
0.727000000 0.00169102325649 -2.0 0.0 1.0 0.0 0.0 0.0
0.728000000 0.00165654555382 -2.0 0.0 1.0 0.0 0.0 0.0
0.729000000 0.00161937833354 -2.0 0.0 1.0 0.0 0.0 0.0
0.730000000 0.00157950200736 -2.0 0.0 1.0 0.0 0.0 0.0
0.731000000 0.00153689701386 -2.0 0.0 1.0 0.0 0.0 0.0
0.732000000 0.00149154381846 -2.0 0.0 1.0 0.0 0.0 0.0
0.733000000 0.00144342291346 -2.0 0.0 1.0 0.0 0.0 0.0
0.734000000 0.00139251481799 -2.0 0.0 1.0 0.0 0.0 0.0
0.735000000 0.00133880007807 -2.0 0.0 1.0 0.0 0.0 0.0
0.736000000 0.00128225926657 -2.0 0.0 1.0 0.0 0.0 0.0
0.737000000 0.00122287298322 -2.0 0.0 1.0 0.0 0.0 0.0
0.738000000 0.00116062185459 -2.0 0.0 1.0 0.0 0.0 0.0
0.739000000 0.00109548653414 -2.0 0.0 1.0 0.0 0.0 0.0
0.740000000 0.00102744770217 -2.0 0.0 1.0 0.0 0.0 0.0
0.741000000 0.000956486065837 -2.0 0.0 1.0 0.0 0.0 0.0
0.742000000 0.000882582359175 -2.0 0.0 1.0 0.0 0.0 0.0
0.743000000 0.000805717343064 -2.0 0.0 1.0 0.0 0.0 0.0
0.744000000 0.000725871805245 -2.0 0.0 1.0 0.0 0.0 0.0
0.745000000 0.000643026560321 -2.0 0.0 1.0 0.0 0.0 0.0
0.746000000 0.000557162449751 -2.0 0.0 1.0 0.0 0.0 0.0
0.747000000 0.000468260341857 -2.0 0.0 1.0 0.0 0.0 0.0
0.748000000 0.000376301131818 -2.0 0.0 1.0 0.0 0.0 0.0
0.749000000 0.000281265741673 -2.0 0.0 1.0 0.0 0.0 0.0
0.750000000 0.00018313512032 -2.0 0.0 1.0 0.0 0.0 0.0
0.751000000 8.18902435173e-05 -2.0 0.0 1.0 0.0 0.0 0.0
0.752000000 -2.2487886118e-05 -2.0 0.0 1.0 0.0 0.0 0.0
0.753000000 -0.00013001823911 -2.0 0.0 1.0 0.0 0.0 0.0
0.754000000 -0.000240719759122 -2.0 0.0 1.0 0.0 0.0 0.0
0.755000000 -0.000354611362959 -2.0 0.0 1.0 0.0 0.0 0.0
0.756000000 -0.000471711940568 -2.0 0.0 1.0 0.0 0.0 0.0
0.757000000 -0.000592040355033 -2.0 0.0 1.0 0.0 0.0 0.0
0.758000000 -0.000715615442582 -2.0 0.0 1.0 0.0 0.0 0.0
0.759000000 -0.000842456012583 -2.0 0.0 1.0 0.0 0.0 0.0
0.760000000 -0.000972580847542 -2.0 0.0 1.0 0.0 0.0 0.0
0.761000000 -0.00110600870311 -2.0 0.0 1.0 0.0 0.0 0.0
0.762000000 -0.00124275830808 -2.0 0.0 1.0 0.0 0.0 0.0
0.763000000 -0.00138284836437 -2.0 0.0 1.0 0.0 0.0 0.0
0.764000000 -0.00152629754706 -2.0 0.0 1.0 0.0 0.0 0.0
0.765000000 -0.00167312450436 -2.0 0.0 1.0 0.0 0.0 0.0
0.766000000 -0.00182334785762 -2.0 0.0 1.0 0.0 0.0 0.0
0.767000000 -0.00197698620133 -2.0 0.0 1.0 0.0 0.0 0.0
0.768000000 -0.00213405810314 -2.0 0.0 1.0 0.0 0.0 0.0
0.769000000 -0.0022945821038 -2.0 0.0 1.0 0.0 0.0 0.0
0.770000000 -0.00245857671724 -2.0 0.0 1.0 0.0 0.0 0.0
0.771000000 -0.00262606043051 -2.0 0.0 1.0 0.0 0.0 0.0
0.772000000 -0.0027970517038 -2.0 0.0 1.0 0.0 0.0 0.0
0.773000000 -0.00297156897046 -2.0 0.0 1.0 0.0 0.0 0.0
0.773530732 -0.00306562961396 -2.0 0.0 1.0 0.0 0.0 0.0
0.774000000 -0.00314963063696 -2.0 0.0 1.0 0.0 0.0 0.0
0.775000000 -0.00333125508292 -2.0 0.0 1.0 0.0 0.0 0.0
0.776000000 -0.00351646066109 -2.0 0.0 1.0 0.0 0.0 0.0
0.777000000 -0.00370526569738 -2.0 0.0 1.0 0.0 0.0 0.0
0.778000000 -0.00389768849082 -2.0 0.0 1.0 0.0 0.0 0.0
0.779000000 -0.0040937473136 -2.0 0.0 1.0 0.0 0.0 0.0
0.780000000 -0.00429346041103 -2.0 0.0 1.0 0.0 0.0 0.0
0.781000000 -0.00449684600158 -2.0 0.0 1.0 0.0 0.0 0.0
0.782000000 -0.00470392227686 -2.0 0.0 1.0 0.0 0.0 0.0
0.783000000 -0.00491470740159 -2.0 0.0 1.0 0.0 0.0 0.0
0.784000000 -0.00512921951367 -2.0 0.0 1.0 0.0 0.0 0.0
0.785000000 -0.00534747672412 -2.0 0.0 1.0 0.0 0.0 0.0
0.786000000 -0.00556949711711 -2.0 0.0 1.0 0.0 0.0 0.0
0.787000000 -0.00579529874994 -2.0 0.0 1.0 0.0 0.0 0.0
0.788000000 -0.00602489965306 -2.0 0.0 1.0 0.0 0.0 0.0
0.789000000 -0.00625831783005 -2.0 0.0 1.0 0.0 0.0 0.0
0.790000000 -0.00649557125764 -2.0 0.0 1.0 0.0 0.0 0.0
0.791000000 -0.0067366778857 -2.0 0.0 1.0 0.0 0.0 0.0
0.792000000 -0.00698165563724 -2.0 0.0 1.0 0.0 0.0 0.0
0.793000000 -0.0072305224084 -2.0 0.0 1.0 0.0 0.0 0.0
0.794000000 -0.00748329606849 -2.0 0.0 1.0 0.0 0.0 0.0
0.795000000 -0.00773999445992 -2.0 0.0 1.0 0.0 0.0 0.0
0.796000000 -0.00800063539827 -2.0 0.0 1.0 0.0 0.0 0.0
0.797000000 -0.00826523667225 -2.0 0.0 1.0 0.0 0.0 0.0
0.798000000 -0.00853381604372 -2.0 0.0 1.0 0.0 0.0 0.0
0.799000000 -0.00880639124766 -2.0 0.0 1.0 0.0 0.0 0.0
0.800000000 -0.00908297999222 -2.0 0.0 1.0 0.0 0.0 0.0
0.801000000 -0.00936359995866 -2.0 0.0 1.0 0.0 0.0 0.0
0.801593798 -0.00953214637971 -2.0 0.0 1.0 0.0 0.0 0.0
0.802000000 -0.0096482688014 -2.0 0.0 1.0 0.0 0.0 0.0
0.803000000 -0.00993700414799 -2.0 0.0 1.0 0.0 0.0 0.0
0.804000000 -0.0102298235991 -2.0 0.0 1.0 0.0 0.0 0.0
0.805000000 -0.0105267447287 -2.0 0.0 1.0 0.0 0.0 0.0
0.806000000 -0.0108277850836 -2.0 0.0 1.0 0.0 0.0 0.0
0.807000000 -0.011132962184 -2.0 0.0 1.0 0.0 0.0 0.0
0.808000000 -0.0114422935231 -2.0 0.0 1.0 0.0 0.0 0.0
0.809000000 -0.0117557965674 -2.0 0.0 1.0 0.0 0.0 0.0
0.810000000 -0.0120734887564 -2.0 0.0 1.0 0.0 0.0 0.0
0.811000000 -0.0123953875027 -2.0 0.0 1.0 0.0 0.0 0.0
0.812000000 -0.0127215101922 -2.0 0.0 1.0 0.0 0.0 0.0
0.813000000 -0.0130518741839 -2.0 0.0 1.0 0.0 0.0 0.0
0.814000000 -0.0133864968098 -2.0 0.0 1.0 0.0 0.0 0.0
0.815000000 -0.0137253953752 -2.0 0.0 1.0 0.0 0.0 0.0
0.816000000 -0.0140685871586 -2.0 0.0 1.0 0.0 0.0 0.0
0.817000000 -0.0144160894113 -2.0 0.0 1.0 0.0 0.0 0.0
0.818000000 -0.014767919358 -2.0 0.0 1.0 0.0 0.0 0.0
0.819000000 -0.0151240941967 -2.0 0.0 1.0 0.0 0.0 0.0
0.819134653 -0.0151723872572 -2.0 0.0 1.0 0.0 0.0 0.0
0.820000000 -0.0154846310982 -2.0 0.0 1.0 0.0 0.0 0.0
0.821000000 -0.0158495472066 -2.0 0.0 1.0 0.0 0.0 0.0
0.822000000 -0.0162188596391 -2.0 0.0 1.0 0.0 0.0 0.0
0.823000000 -0.0165925854861 -2.0 0.0 1.0 0.0 0.0 0.0
0.824000000 -0.0169707418112 -2.0 0.0 1.0 0.0 0.0 0.0
0.825000000 -0.0173533456509 -2.0 0.0 1.0 0.0 0.0 0.0
0.826000000 -0.0177404140151 -2.0 0.0 1.0 0.0 0.0 0.0
0.827000000 -0.0181319638866 -2.0 0.0 1.0 0.0 0.0 0.0
0.828000000 -0.0185280122217 -2.0 0.0 1.0 0.0 0.0 0.0
0.829000000 -0.0189285759494 -2.0 0.0 1.0 0.0 0.0 0.0
0.830000000 -0.0193336719721 -2.0 0.0 1.0 0.0 0.0 0.0
0.831000000 -0.0197433171654 -2.0 0.0 1.0 0.0 0.0 0.0
0.832000000 -0.0201575283778 -2.0 0.0 1.0 0.0 0.0 0.0
0.833000000 -0.0205763224311 -2.0 0.0 1.0 0.0 0.0 0.0
0.833064535 -0.0206035073937 -2.0 0.0 1.0 0.0 0.0 0.0
0.834000000 -0.0209997161203 -2.0 0.0 1.0 0.0 0.0 0.0
0.835000000 -0.0214277262134 -2.0 0.0 1.0 0.0 0.0 0.0
0.836000000 -0.0218603694515 -2.0 0.0 1.0 0.0 0.0 0.0
0.837000000 -0.0222976625492 -2.0 0.0 1.0 0.0 0.0 0.0
0.838000000 -0.0227396221937 -2.0 0.0 1.0 0.0 0.0 0.0
0.839000000 -0.0231862650458 -2.0 0.0 1.0 0.0 0.0 0.0
0.840000000 -0.0236376077391 -2.0 0.0 1.0 0.0 0.0 0.0
0.841000000 -0.0240936668807 -2.0 0.0 1.0 0.0 0.0 0.0
0.842000000 -0.0245544590505 -2.0 0.0 1.0 0.0 0.0 0.0
0.843000000 -0.0250200008017 -2.0 0.0 1.0 0.0 0.0 0.0
0.844000000 -0.0254903086607 -2.0 0.0 1.0 0.0 0.0 0.0
0.844930084 -0.0259320270093 -2.0 0.0 1.0 0.0 0.0 0.0
0.845000000 -0.0259653991268 -2.0 0.0 1.0 0.0 0.0 0.0
0.846000000 -0.0264452886728 -2.0 0.0 1.0 0.0 0.0 0.0
0.847000000 -0.0269299937443 -2.0 0.0 1.0 0.0 0.0 0.0
0.848000000 -0.0274195307602 -2.0 0.0 1.0 0.0 0.0 0.0
0.849000000 -0.0279139161126 -2.0 0.0 1.0 0.0 0.0 0.0
0.850000000 -0.0284131661667 -2.0 0.0 1.0 0.0 0.0 0.0
0.851000000 -0.0289172972606 -2.0 0.0 1.0 0.0 0.0 0.0
0.852000000 -0.029426325706 -2.0 0.0 1.0 0.0 0.0 0.0
0.853000000 -0.0299402677873 -2.0 0.0 1.0 0.0 0.0 0.0
0.854000000 -0.0304591397623 -2.0 0.0 1.0 0.0 0.0 0.0
0.855000000 -0.0309829578619 -2.0 0.0 1.0 0.0 0.0 0.0
0.855408928 -0.0311985908785 -2.0 0.0 1.0 0.0 0.0 0.0
0.856000000 -0.03151173829 -2.0 0.0 1.0 0.0 0.0 0.0
0.857000000 -0.0320454972239 -2.0 0.0 1.0 0.0 0.0 0.0
0.858000000 -0.0325842508138 -2.0 0.0 1.0 0.0 0.0 0.0
0.859000000 -0.0331280151832 -2.0 0.0 1.0 0.0 0.0 0.0
0.860000000 -0.0336768064285 -2.0 0.0 1.0 0.0 0.0 0.0
0.861000000 -0.0342306406196 -2.0 0.0 1.0 0.0 0.0 0.0
0.862000000 -0.0347895337993 -2.0 0.0 1.0 0.0 0.0 0.0
0.863000000 -0.0353535019836 -2.0 0.0 1.0 0.0 0.0 0.0
0.864000000 -0.0359225611616 -2.0 0.0 1.0 0.0 0.0 0.0
0.864872761 -0.0364233869208 -2.0 0.0 1.0 0.0 0.0 0.0
0.865000000 -0.0364967272956 -2.0 0.0 1.0 0.0 0.0 0.0
0.866000000 -0.037076016321 -2.0 0.0 1.0 0.0 0.0 0.0
0.867000000 -0.0376604441464 -2.0 0.0 1.0 0.0 0.0 0.0
0.868000000 -0.0382500266534 -2.0 0.0 1.0 0.0 0.0 0.0
0.869000000 -0.038844779697 -2.0 0.0 1.0 0.0 0.0 0.0
0.870000000 -0.039444719105 -2.0 0.0 1.0 0.0 0.0 0.0
0.871000000 -0.0400498606787 -2.0 0.0 1.0 0.0 0.0 0.0
0.872000000 -0.0406602201922 -2.0 0.0 1.0 0.0 0.0 0.0
0.873000000 -0.0412758133929 -2.0 0.0 1.0 0.0 0.0 0.0
0.873552212 -0.0416180001791 -2.0 0.0 1.0 0.0 0.0 0.0
0.874000000 -0.0418966560015 -2.0 0.0 1.0 0.0 0.0 0.0
0.875000000 -0.0425227637116 -2.0 0.0 1.0 0.0 0.0 0.0
0.876000000 -0.0431541521899 -2.0 0.0 1.0 0.0 0.0 0.0
0.877000000 -0.0437908370766 -2.0 0.0 1.0 0.0 0.0 0.0
0.878000000 -0.0444328339846 -2.0 0.0 1.0 0.0 0.0 0.0
0.879000000 -0.0450801585002 -2.0 0.0 1.0 0.0 0.0 0.0
0.880000000 -0.0457328261829 -2.0 0.0 1.0 0.0 0.0 0.0
0.881000000 -0.0463908525651 -2.0 0.0 1.0 0.0 0.0 0.0
0.881602231 -0.0467897285121 -2.0 0.0 1.0 0.0 0.0 0.0
0.882000000 -0.0470542531525 -2.0 0.0 1.0 0.0 0.0 0.0
0.883000000 -0.0477230434239 -2.0 0.0 1.0 0.0 0.0 0.0
0.884000000 -0.0483972388313 -2.0 0.0 1.0 0.0 0.0 0.0
0.885000000 -0.0490768547997 -2.0 0.0 1.0 0.0 0.0 0.0
0.886000000 -0.0497619067274 -2.0 0.0 1.0 0.0 0.0 0.0
0.887000000 -0.0504524099857 -2.0 0.0 1.0 0.0 0.0 0.0
0.888000000 -0.0511483799192 -2.0 0.0 1.0 0.0 0.0 0.0
0.889000000 -0.0518498318455 -2.0 0.0 1.0 0.0 0.0 0.0
0.889132915 -0.0519434793632 -2.0 0.0 1.0 0.0 0.0 0.0
0.890000000 -0.0525567810554 -2.0 0.0 1.0 0.0 0.0 0.0
0.891000000 -0.0532692428128 -2.0 0.0 1.0 0.0 0.0 0.0
0.892000000 -0.0539872323548 -2.0 0.0 1.0 0.0 0.0 0.0
0.893000000 -0.0547107648917 -2.0 0.0 1.0 0.0 0.0 0.0
0.894000000 -0.0554398556067 -2.0 0.0 1.0 0.0 0.0 0.0
0.895000000 -0.0561745196564 -2.0 0.0 1.0 0.0 0.0 0.0
0.896000000 -0.0569147721704 -2.0 0.0 1.0 0.0 0.0 0.0
0.896225829 -0.0570827181503 -2.0 0.0 1.0 0.0 0.0 0.0
0.897000000 -0.0576606282514 -2.0 0.0 1.0 0.0 0.0 0.0
0.898000000 -0.0584121029755 -2.0 0.0 1.0 0.0 0.0 0.0
0.899000000 -0.0591692113916 -2.0 0.0 1.0 0.0 0.0 0.0
0.900000000 -0.059931968522 -2.0 0.0 1.0 0.0 0.0 0.0
0.901000000 -0.060700389362 -2.0 0.0 1.0 0.0 0.0 0.0
0.902000000 -0.06147448888 -2.0 0.0 1.0 0.0 0.0 0.0
0.902943391 -0.0622099870154 -2.0 0.0 1.0 0.0 0.0 0.0
0.903000000 -0.0622542820178 -2.0 0.0 1.0 0.0 0.0 0.0
0.904000000 -0.06303978369 -2.0 0.0 1.0 0.0 0.0 0.0
0.905000000 -0.0638310087845 -2.0 0.0 1.0 0.0 0.0 0.0
0.906000000 -0.0646279721625 -2.0 0.0 1.0 0.0 0.0 0.0
0.907000000 -0.065430688658 -2.0 0.0 1.0 0.0 0.0 0.0
0.908000000 -0.0662391730784 -2.0 0.0 1.0 0.0 0.0 0.0
0.909000000 -0.0670534402042 -2.0 0.0 1.0 0.0 0.0 0.0
0.909334622 -0.0673272062311 -2.0 0.0 1.0 0.0 0.0 0.0
0.910000000 -0.067873504789 -2.0 0.0 1.0 0.0 0.0 0.0
0.911000000 -0.0686993815595 -2.0 0.0 1.0 0.0 0.0 0.0
0.912000000 -0.0695310852155 -2.0 0.0 1.0 0.0 0.0 0.0
0.913000000 -0.0703686304303 -2.0 0.0 1.0 0.0 0.0 0.0
0.914000000 -0.0712120318498 -2.0 0.0 1.0 0.0 0.0 0.0
0.915000000 -0.0720613040934 -2.0 0.0 1.0 0.0 0.0 0.0
0.915438851 -0.0724358655328 -2.0 0.0 1.0 0.0 0.0 0.0
0.916000000 -0.0729164617536 -2.0 0.0 1.0 0.0 0.0 0.0
0.917000000 -0.0737775193959 -2.0 0.0 1.0 0.0 0.0 0.0
0.918000000 -0.0746444915591 -2.0 0.0 1.0 0.0 0.0 0.0
0.919000000 -0.0755173927551 -2.0 0.0 1.0 0.0 0.0 0.0
0.920000000 -0.0763962374688 -2.0 0.0 1.0 0.0 0.0 0.0
0.921000000 -0.0772810401584 -2.0 0.0 1.0 0.0 0.0 0.0
0.921288193 -0.0775371429108 -2.0 0.0 1.0 0.0 0.0 0.0
0.922000000 -0.0781718152552 -2.0 0.0 1.0 0.0 0.0 0.0
0.923000000 -0.0790685771636 -2.0 0.0 1.0 0.0 0.0 0.0
0.924000000 -0.0799713402613 -2.0 0.0 1.0 0.0 0.0 0.0
0.925000000 -0.0808801188988 -2.0 0.0 1.0 0.0 0.0 0.0
0.926000000 -0.0817949274002 -2.0 0.0 1.0 0.0 0.0 0.0
0.926909276 -0.0826319870722 -2.0 0.0 1.0 0.0 0.0 0.0
0.927000000 -0.0827157800623 -2.0 0.0 1.0 0.0 0.0 0.0
0.928000000 -0.0836426911553 -2.0 0.0 1.0 0.0 0.0 0.0
0.929000000 -0.0845756749225 -2.0 0.0 1.0 0.0 0.0 0.0
0.930000000 -0.0855147455803 -2.0 0.0 1.0 0.0 0.0 0.0
0.931000000 -0.0864599173183 -2.0 0.0 1.0 0.0 0.0 0.0
0.932000000 -0.0874112042992 -2.0 0.0 1.0 0.0 0.0 0.0
0.932324458 -0.0877211734335 -2.0 0.0 1.0 0.0 0.0 0.0
0.933000000 -0.0883686206587 -2.0 0.0 1.0 0.0 0.0 0.0
0.934000000 -0.0893321805053 -2.0 0.0 1.0 0.0 0.0 0.0
0.935000000 -0.090301897899 -2.0 0.0 1.0 0.0 0.0 0.0
0.936000000 -0.0912777868083 -2.0 0.0 1.0 0.0 0.0 0.0
0.937000000 -0.0922598611003 -2.0 0.0 1.0 0.0 0.0 0.0
0.937552730 -0.0928053426241 -2.0 0.0 1.0 0.0 0.0 0.0
0.938000000 -0.0932481345409 -2.0 0.0 1.0 0.0 0.0 0.0
0.939000000 -0.094242620795 -2.0 0.0 1.0 0.0 0.0 0.0
0.940000000 -0.0952433334258 -2.0 0.0 1.0 0.0 0.0 0.0
0.941000000 -0.0962502858957 -2.0 0.0 1.0 0.0 0.0 0.0
0.942000000 -0.0972634915654 -2.0 0.0 1.0 0.0 0.0 0.0
0.942610386 -0.0978850173922 -2.0 0.0 1.0 0.0 0.0 0.0
0.943000000 -0.0982829636946 -2.0 0.0 1.0 0.0 0.0 0.0
0.944000000 -0.0993087154419 -2.0 0.0 1.0 0.0 0.0 0.0
0.945000000 -0.100340759864 -2.0 0.0 1.0 0.0 0.0 0.0
0.946000000 -0.101379109917 -2.0 0.0 1.0 0.0 0.0 0.0
0.947000000 -0.102423778456 -2.0 0.0 1.0 0.0 0.0 0.0
0.947511557 -0.102960633693 -2.0 0.0 1.0 0.0 0.0 0.0
0.948000000 -0.103474778234 -2.0 0.0 1.0 0.0 0.0 0.0
0.949000000 -0.104532121903 -2.0 0.0 1.0 0.0 0.0 0.0
0.950000000 -0.105595822014 -2.0 0.0 1.0 0.0 0.0 0.0
0.951000000 -0.106665891016 -2.0 0.0 1.0 0.0 0.0 0.0
0.952000000 -0.107742341258 -2.0 0.0 1.0 0.0 0.0 0.0
0.952268603 -0.108032567819 -2.0 0.0 1.0 0.0 0.0 0.0
0.953000000 -0.108825184987 -2.0 0.0 1.0 0.0 0.0 0.0
0.954000000 -0.109914434349 -2.0 0.0 1.0 0.0 0.0 0.0
0.955000000 -0.111010101388 -2.0 0.0 1.0 0.0 0.0 0.0
0.956000000 -0.112112198048 -2.0 0.0 1.0 0.0 0.0 0.0
0.956892397 -0.113101145514 -2.0 0.0 1.0 0.0 0.0 0.0
0.957000000 -0.11322073617 -2.0 0.0 1.0 0.0 0.0 0.0
0.958000000 -0.114335727496 -2.0 0.0 1.0 0.0 0.0 0.0
0.959000000 -0.115457183665 -2.0 0.0 1.0 0.0 0.0 0.0
0.960000000 -0.116585116215 -2.0 0.0 1.0 0.0 0.0 0.0
0.961000000 -0.117719536583 -2.0 0.0 1.0 0.0 0.0 0.0
0.961392570 -0.118166652125 -2.0 0.0 1.0 0.0 0.0 0.0
0.962000000 -0.118860456106 -2.0 0.0 1.0 0.0 0.0 0.0
0.963000000 -0.120007886016 -2.0 0.0 1.0 0.0 0.0 0.0
0.964000000 -0.121161837449 -2.0 0.0 1.0 0.0 0.0 0.0
0.965000000 -0.122322321435 -2.0 0.0 1.0 0.0 0.0 0.0
0.965777687 -0.1232293376 -2.0 0.0 1.0 0.0 0.0 0.0
0.966000000 -0.123489348906 -2.0 0.0 1.0 0.0 0.0 0.0
0.967000000 -0.12466293069 -2.0 0.0 1.0 0.0 0.0 0.0
0.968000000 -0.125843077517 -2.0 0.0 1.0 0.0 0.0 0.0
0.969000000 -0.127029800012 -2.0 0.0 1.0 0.0 0.0 0.0
0.970000000 -0.128223108703 -2.0 0.0 1.0 0.0 0.0 0.0
0.970055410 -0.128289423053 -2.0 0.0 1.0 0.0 0.0 0.0
0.971000000 -0.129423014012 -2.0 0.0 1.0 0.0 0.0 0.0
0.972000000 -0.130629526264 -2.0 0.0 1.0 0.0 0.0 0.0
0.973000000 -0.13184265568 -2.0 0.0 1.0 0.0 0.0 0.0
0.974000000 -0.133062412381 -2.0 0.0 1.0 0.0 0.0 0.0
0.974232620 -0.133347104546 -2.0 0.0 1.0 0.0 0.0 0.0
0.975000000 -0.134288806387 -2.0 0.0 1.0 0.0 0.0 0.0
0.976000000 -0.135521847614 -2.0 0.0 1.0 0.0 0.0 0.0
0.977000000 -0.136761545882 -2.0 0.0 1.0 0.0 0.0 0.0
0.978000000 -0.138007910904 -2.0 0.0 1.0 0.0 0.0 0.0
0.978315526 -0.138402557295 -2.0 0.0 1.0 0.0 0.0 0.0
0.979000000 -0.139260952295 -2.0 0.0 1.0 0.0 0.0 0.0
0.980000000 -0.140520679569 -2.0 0.0 1.0 0.0 0.0 0.0
0.981000000 -0.141787102137 -2.0 0.0 1.0 0.0 0.0 0.0
0.982000000 -0.14306022931 -2.0 0.0 1.0 0.0 0.0 0.0
0.982309746 -0.143455937841 -2.0 0.0 1.0 0.0 0.0 0.0
0.983000000 -0.144340070297 -2.0 0.0 1.0 0.0 0.0 0.0
0.984000000 -0.145626634207 -2.0 0.0 1.0 0.0 0.0 0.0
0.985000000 -0.146919930046 -2.0 0.0 1.0 0.0 0.0 0.0
0.986000000 -0.148219966719 -2.0 0.0 1.0 0.0 0.0 0.0
0.986220388 -0.14850738667 -2.0 0.0 1.0 0.0 0.0 0.0
0.987000000 -0.149526753031 -2.0 0.0 1.0 0.0 0.0 0.0
0.988000000 -0.150840297685 -2.0 0.0 1.0 0.0 0.0 0.0
0.989000000 -0.152160609284 -2.0 0.0 1.0 0.0 0.0 0.0
0.990000000 -0.153487696326 -2.0 0.0 1.0 0.0 0.0 0.0
0.990052105 -0.153557030605 -2.0 0.0 1.0 0.0 0.0 0.0
0.991000000 -0.154821567212 -2.0 0.0 1.0 0.0 0.0 0.0
0.992000000 -0.15616223024 -2.0 0.0 1.0 0.0 0.0 0.0
0.993000000 -0.157509693606 -2.0 0.0 1.0 0.0 0.0 0.0
0.993809156 -0.158604984768 -2.0 0.0 1.0 0.0 0.0 0.0
0.994000000 -0.158863965405 -2.0 0.0 1.0 0.0 0.0 0.0
0.995000000 -0.160225053633 -2.0 0.0 1.0 0.0 0.0 0.0
0.996000000 -0.161592966182 -2.0 0.0 1.0 0.0 0.0 0.0
0.997000000 -0.162967710844 -2.0 0.0 1.0 0.0 0.0 0.0
0.997495444 -0.163651353259 -2.0 0.0 1.0 0.0 0.0 0.0
0.998000000 -0.164349295309 -2.0 0.0 1.0 0.0 0.0 0.0
0.999000000 -0.165737727167 -2.0 0.0 1.0 0.0 0.0 0.0
1.000000000 -0.167133013905 -2.0 0.0 1.0 0.0 0.0 0.0
1.001000000 -0.16853516291 -2.0 0.0 1.0 0.0 0.0 0.0
1.001114559 -0.168696230781 -2.0 0.0 1.0 0.0 0.0 0.0
1.002000000 -0.169944181468 -2.0 0.0 1.0 0.0 0.0 0.0
1.003000000 -0.171360076762 -2.0 0.0 1.0 0.0 0.0 0.0
1.004000000 -0.172782855876 -2.0 0.0 1.0 0.0 0.0 0.0
1.004669812 -0.173739704279 -2.0 0.0 1.0 0.0 0.0 0.0
1.005000000 -0.174212525792 -2.0 0.0 1.0 0.0 0.0 0.0
1.006000000 -0.175649093388 -2.0 0.0 1.0 0.0 0.0 0.0
1.006999999 -0.177092565446 -2.0 0.0 1.0 0.0 0.0 0.0
1.007999999 -0.178542948643 -2.0 0.0 1.0 0.0 0.0 0.0
1.008164261 -0.178781852548 -2.0 0.0 1.0 0.0 0.0 0.0
1.008999999 -0.180000249555 -2.0 0.0 1.0 0.0 0.0 0.0
1.009999999 -0.181464474657 -2.0 0.0 1.0 0.0 0.0 0.0
1.010999999 -0.182935630325 -2.0 0.0 1.0 0.0 0.0 0.0
1.011600740 -0.183822748631 -2.0 0.0 1.0 0.0 0.0 0.0
1.011999999 -0.18441372283 -2.0 0.0 1.0 0.0 0.0 0.0
1.012999999 -0.185898758344 -2.0 0.0 1.0 0.0 0.0 0.0
1.013999999 -0.187390742938 -2.0 0.0 1.0 0.0 0.0 0.0
1.014981880 -0.188862460212 -2.0 0.0 1.0 0.0 0.0 0.0
1.014999999 -0.18888968258 -2.0 0.0 1.0 0.0 0.0 0.0
1.015999999 -0.190395583139 -2.0 0.0 1.0 0.0 0.0 0.0
1.016999999 -0.191908450381 -2.0 0.0 1.0 0.0 0.0 0.0
1.017999999 -0.193428289972 -2.0 0.0 1.0 0.0 0.0 0.0
1.018310125 -0.193901047924 -2.0 0.0 1.0 0.0 0.0 0.0
1.018999999 -0.194955107475 -2.0 0.0 1.0 0.0 0.0 0.0
1.019999999 -0.196488908353 -2.0 0.0 1.0 0.0 0.0 0.0
1.020999999 -0.198029697967 -2.0 0.0 1.0 0.0 0.0 0.0
1.021587755 -0.198938569157 -2.0 0.0 1.0 0.0 0.0 0.0
1.021999999 -0.199577481579 -2.0 0.0 1.0 0.0 0.0 0.0
1.022999999 -0.201132264347 -2.0 0.0 1.0 0.0 0.0 0.0
1.023999999 -0.202694051328 -2.0 0.0 1.0 0.0 0.0 0.0
1.024816900 -0.203975077182 -2.0 0.0 1.0 0.0 0.0 0.0
1.024999999 -0.20426284748 -2.0 0.0 1.0 0.0 0.0 0.0
1.025999999 -0.205838657657 -2.0 0.0 1.0 0.0 0.0 0.0
1.026999999 -0.207421486614 -2.0 0.0 1.0 0.0 0.0 0.0
1.027999549 -0.209010620541 -2.0 0.0 1.0 0.0 0.0 0.0
1.027999999 -0.209011339003 -2.0 0.0 1.0 0.0 0.0 0.0
1.028999999 -0.210608219375 -2.0 0.0 1.0 0.0 0.0 0.0
1.029999999 -0.212212132181 -2.0 0.0 1.0 0.0 0.0 0.0
1.030999999 -0.213823081771 -2.0 0.0 1.0 0.0 0.0 0.0
1.031137566 -0.214045245224 -2.0 0.0 1.0 0.0 0.0 0.0
1.031999999 -0.21544107239 -2.0 0.0 1.0 0.0 0.0 0.0
1.032999999 -0.217066108187 -2.0 0.0 1.0 0.0 0.0 0.0
1.033999999 -0.218698193205 -2.0 0.0 1.0 0.0 0.0 0.0
1.034232701 -0.219078993303 -2.0 0.0 1.0 0.0 0.0 0.0
1.034999999 -0.22033733139 -2.0 0.0 1.0 0.0 0.0 0.0
1.035999999 -0.221983526583 -2.0 0.0 1.0 0.0 0.0 0.0
1.036999999 -0.223636782527 -2.0 0.0 1.0 0.0 0.0 0.0
1.037286598 -0.224111905036 -2.0 0.0 1.0 0.0 0.0 0.0
1.037999999 -0.225297102861 -2.0 0.0 1.0 0.0 0.0 0.0
1.038999999 -0.226964491123 -2.0 0.0 1.0 0.0 0.0 0.0
1.039999999 -0.228638950753 -2.0 0.0 1.0 0.0 0.0 0.0
1.040300802 -0.229144016381 -2.0 0.0 1.0 0.0 0.0 0.0
1.040999999 -0.230320485085 -2.0 0.0 1.0 0.0 0.0 0.0
1.041999999 -0.232009097356 -2.0 0.0 1.0 0.0 0.0 0.0
1.042999999 -0.233704790699 -2.0 0.0 1.0 0.0 0.0 0.0
1.043276771 -0.23417536255 -2.0 0.0 1.0 0.0 0.0 0.0
1.043999999 -0.235407568146 -2.0 0.0 1.0 0.0 0.0 0.0
1.044999999 -0.23711743263 -2.0 0.0 1.0 0.0 0.0 0.0
1.045999999 -0.238834386979 -2.0 0.0 1.0 0.0 0.0 0.0
1.046215880 -0.239205974998 -2.0 0.0 1.0 0.0 0.0 0.0
1.046999999 -0.240558433924 -2.0 0.0 1.0 0.0 0.0 0.0
1.047999999 -0.24228957609 -2.0 0.0 1.0 0.0 0.0 0.0
1.048999999 -0.244027816006 -2.0 0.0 1.0 0.0 0.0 0.0
1.049119427 -0.244235884554 -2.0 0.0 1.0 0.0 0.0 0.0
1.049999999 -0.245773156095 -2.0 0.0 1.0 0.0 0.0 0.0
1.050999999 -0.247525598682 -2.0 0.0 1.0 0.0 0.0 0.0
1.051988641 -0.249265119486 -2.0 0.0 1.0 0.0 0.0 0.0
1.051999999 -0.249285145989 -2.0 0.0 1.0 0.0 0.0 0.0
1.052999999 -0.251051800138 -2.0 0.0 1.0 0.0 0.0 0.0
1.053999999 -0.252825563147 -2.0 0.0 1.0 0.0 0.0 0.0
1.054824683 -0.25429370708 -2.0 0.0 1.0 0.0 0.0 0.0
1.054999999 -0.254606436937 -2.0 0.0 1.0 0.0 0.0 0.0
1.055999999 -0.256394423325 -2.0 0.0 1.0 0.0 0.0 0.0
1.056999999 -0.258189524026 -2.0 0.0 1.0 0.0 0.0 0.0
1.057628658 -0.259321671953 -2.0 0.0 1.0 0.0 0.0 0.0
1.057999999 -0.259991740657 -2.0 0.0 1.0 0.0 0.0 0.0
1.058999999 -0.26180107473 -2.0 0.0 1.0 0.0 0.0 0.0
1.059999999 -0.263617527658 -2.0 0.0 1.0 0.0 0.0 0.0
1.060401610 -0.264349038149 -2.0 0.0 1.0 0.0 0.0 0.0
1.060999999 -0.265441100752 -2.0 0.0 1.0 0.0 0.0 0.0
1.061999999 -0.267271795222 -2.0 0.0 1.0 0.0 0.0 0.0
1.062999999 -0.269109612177 -2.0 0.0 1.0 0.0 0.0 0.0
1.063144533 -0.269375828361 -2.0 0.0 1.0 0.0 0.0 0.0
1.063999999 -0.270954552625 -2.0 0.0 1.0 0.0 0.0 0.0
1.064999999 -0.272806617471 -2.0 0.0 1.0 0.0 0.0 0.0
1.065858373 -0.274402063059 -2.0 0.0 1.0 0.0 0.0 0.0
1.065999999 -0.274665807521 -2.0 0.0 1.0 0.0 0.0 0.0
1.066999999 -0.276532123477 -2.0 0.0 1.0 0.0 0.0 0.0
1.067999999 -0.278405565943 -2.0 0.0 1.0 0.0 0.0 0.0
1.068544027 -0.279427762543 -2.0 0.0 1.0 0.0 0.0 0.0
1.068999999 -0.28028613542 -2.0 0.0 1.0 0.0 0.0 0.0
1.069999999 -0.282173832307 -2.0 0.0 1.0 0.0 0.0 0.0
1.070999999 -0.284068656903 -2.0 0.0 1.0 0.0 0.0 0.0
1.071202352 -0.284452946009 -2.0 0.0 1.0 0.0 0.0 0.0
1.071999999 -0.285970609406 -2.0 0.0 1.0 0.0 0.0 0.0
1.072999999 -0.287879689912 -2.0 0.0 1.0 0.0 0.0 0.0
1.073834165 -0.289477631239 -2.0 0.0 1.0 0.0 0.0 0.0
1.073999999 -0.289795898414 -2.0 0.0 1.0 0.0 0.0 0.0
1.074999999 -0.291719234808 -2.0 0.0 1.0 0.0 0.0 0.0
1.075999999 -0.293649698886 -2.0 0.0 1.0 0.0 0.0 0.0
1.076440244 -0.294501835109 -2.0 0.0 1.0 0.0 0.0 0.0
1.076999999 -0.295587290337 -2.0 0.0 1.0 0.0 0.0 0.0
1.077999999 -0.297532008753 -2.0 0.0 1.0 0.0 0.0 0.0
1.078999999 -0.299483853622 -2.0 0.0 1.0 0.0 0.0 0.0
1.079021335 -0.299525574054 -2.0 0.0 1.0 0.0 0.0 0.0
1.079999999 -0.301442824331 -2.0 0.0 1.0 0.0 0.0 0.0
1.080999999 -0.303408920166 -2.0 0.0 1.0 0.0 0.0 0.0
1.081578147 -0.304548863192 -2.0 0.0 1.0 0.0 0.0 0.0
1.081999999 -0.305382140312 -2.0 0.0 1.0 0.0 0.0 0.0
1.082999999 -0.307362483853 -2.0 0.0 1.0 0.0 0.0 0.0
1.083999999 -0.309349949771 -2.0 0.0 1.0 0.0 0.0 0.0
1.084111361 -0.309571717291 -2.0 0.0 1.0 0.0 0.0 0.0
1.084999999 -0.311344536946 -2.0 0.0 1.0 0.0 0.0 0.0
1.085999999 -0.313346244159 -2.0 0.0 1.0 0.0 0.0 0.0
1.086621628 -0.314594150404 -2.0 0.0 1.0 0.0 0.0 0.0
1.086999999 -0.315355070087 -2.0 0.0 1.0 0.0 0.0 0.0
1.087999999 -0.31737101331 -2.0 0.0 1.0 0.0 0.0 0.0
1.088999999 -0.319394072301 -2.0 0.0 1.0 0.0 0.0 0.0
1.089109571 -0.31961617529 -2.0 0.0 1.0 0.0 0.0 0.0
1.089999999 -0.321424245436 -2.0 0.0 1.0 0.0 0.0 0.0
1.090999999 -0.323461530989 -2.0 0.0 1.0 0.0 0.0 0.0
1.091575789 -0.324637805029 -2.0 0.0 1.0 0.0 0.0 0.0
1.091999999 -0.325505927132 -2.0 0.0 1.0 0.0 0.0 0.0
1.092999999 -0.327557431935 -2.0 0.0 1.0 0.0 0.0 0.0
1.093999999 -0.329616043368 -2.0 0.0 1.0 0.0 0.0 0.0
1.094020854 -0.329659050978 -2.0 0.0 1.0 0.0 0.0 0.0
1.094999999 -0.3316817593 -2.0 0.0 1.0 0.0 0.0 0.0
1.095999999 -0.333754577498 -2.0 0.0 1.0 0.0 0.0 0.0
1.096445317 -0.334679925507 -2.0 0.0 1.0 0.0 0.0 0.0
1.096999999 -0.335834495628 -2.0 0.0 1.0 0.0 0.0 0.0
1.097999999 -0.337921511255 -2.0 0.0 1.0 0.0 0.0 0.0
1.098849707 -0.339700439062 -2.0 0.0 1.0 0.0 0.0 0.0
1.098999999 -0.340015621841 -2.0 0.0 1.0 0.0 0.0 0.0
1.099999999 -0.342116824749 -2.0 0.0 1.0 0.0 0.0 0.0
1.100999999 -0.34422511724 -2.0 0.0 1.0 0.0 0.0 0.0
1.101234530 -0.344720601922 -2.0 0.0 1.0 0.0 0.0 0.0
1.101999999 -0.346340496474 -2.0 0.0 1.0 0.0 0.0 0.0
1.102999999 -0.348462959508 -2.0 0.0 1.0 0.0 0.0 0.0
1.103600276 -0.349740424723 -2.0 0.0 1.0 0.0 0.0 0.0
1.103999999 -0.350592503301 -2.0 0.0 1.0 0.0 0.0 0.0
1.104999999 -0.352729124707 -2.0 0.0 1.0 0.0 0.0 0.0
1.105947414 -0.35475991612 -2.0 0.0 1.0 0.0 0.0 0.0
1.105999999 -0.354872820482 -2.0 0.0 1.0 0.0 0.0 0.0
1.106999999 -0.357023587279 -2.0 0.0 1.0 0.0 0.0 0.0
1.107999999 -0.35918142165 -2.0 0.0 1.0 0.0 0.0 0.0
1.108276396 -0.359779085738 -2.0 0.0 1.0 0.0 0.0 0.0
1.108999999 -0.361346320045 -2.0 0.0 1.0 0.0 0.0 0.0
1.109999999 -0.363518278815 -2.0 0.0 1.0 0.0 0.0 0.0
1.110587659 -0.364797942709 -2.0 0.0 1.0 0.0 0.0 0.0
1.110999999 -0.365697294207 -2.0 0.0 1.0 0.0 0.0 0.0
1.111999999 -0.367883362368 -2.0 0.0 1.0 0.0 0.0 0.0
1.112881622 -0.369816495552 -2.0 0.0 1.0 0.0 0.0 0.0
1.112999999 -0.370076479346 -2.0 0.0 1.0 0.0 0.0 0.0
1.113999999 -0.372276641083 -2.0 0.0 1.0 0.0 0.0 0.0
1.114999999 -0.374483843423 -2.0 0.0 1.0 0.0 0.0 0.0
1.115158690 -0.37483475185 -2.0 0.0 1.0 0.0 0.0 0.0
1.115999999 -0.376698082108 -2.0 0.0 1.0 0.0 0.0 0.0
1.116999999 -0.37891935278 -2.0 0.0 1.0 0.0 0.0 0.0
1.117419253 -0.379852719356 -2.0 0.0 1.0 0.0 0.0 0.0
1.117999999 -0.381147650977 -2.0 0.0 1.0 0.0 0.0 0.0
1.118999999 -0.383382972137 -2.0 0.0 1.0 0.0 0.0 0.0
1.119663689 -0.384870406233 -2.0 0.0 1.0 0.0 0.0 0.0
1.119999999 -0.385625311598 -2.0 0.0 1.0 0.0 0.0 0.0
1.120999999 -0.387874664596 -2.0 0.0 1.0 0.0 0.0 0.0
1.121892361 -0.389887818739 -2.0 0.0 1.0 0.0 0.0 0.0
1.121999999 -0.390131026265 -2.0 0.0 1.0 0.0 0.0 0.0
1.122999999 -0.392394391637 -2.0 0.0 1.0 0.0 0.0 0.0
1.123999999 -0.394664755646 -2.0 0.0 1.0 0.0 0.0 0.0
1.124105621 -0.39490496425 -2.0 0.0 1.0 0.0 0.0 0.0
1.124999999 -0.396942113121 -2.0 0.0 1.0 0.0 0.0 0.0
1.125999999 -0.399226458793 -2.0 0.0 1.0 0.0 0.0 0.0
1.126303810 -0.399921849354 -2.0 0.0 1.0 0.0 0.0 0.0
1.126999999 -0.401517787288 -2.0 0.0 1.0 0.0 0.0 0.0
1.127999999 -0.403816093136 -2.0 0.0 1.0 0.0 0.0 0.0
1.128487254 -0.404938480489 -2.0 0.0 1.0 0.0 0.0 0.0
1.128999999 -0.40612137076 -2.0 0.0 1.0 0.0 0.0 0.0
1.129999999 -0.408433614485 -2.0 0.0 1.0 0.0 0.0 0.0
1.130656274 -0.409954863432 -2.0 0.0 1.0 0.0 0.0 0.0
1.130999999 -0.410752818535 -2.0 0.0 1.0 0.0 0.0 0.0
1.131999999 -0.413078977031 -2.0 0.0 1.0 0.0 0.0 0.0
1.132811175 -0.414971004465 -2.0 0.0 1.0 0.0 0.0 0.0
1.132999999 -0.415412083994 -2.0 0.0 1.0 0.0 0.0 0.0
1.133999999 -0.417752133343 -2.0 0.0 1.0 0.0 0.0 0.0
1.134952256 -0.419986908945 -2.0 0.0 1.0 0.0 0.0 0.0
1.134999999 -0.420099118897 -2.0 0.0 1.0 0.0 0.0 0.0
1.135999999 -0.422453034372 -2.0 0.0 1.0 0.0 0.0 0.0
1.136999999 -0.424813873384 -2.0 0.0 1.0 0.0 0.0 0.0
1.137079806 -0.4250025828 -2.0 0.0 1.0 0.0 0.0 0.0
1.137999999 -0.427181629447 -2.0 0.0 1.0 0.0 0.0 0.0
1.138999999 -0.429556295974 -2.0 0.0 1.0 0.0 0.0 0.0
1.139194105 -0.430018031485 -2.0 0.0 1.0 0.0 0.0 0.0
1.139999999 -0.431937866278 -2.0 0.0 1.0 0.0 0.0 0.0
1.140999999 -0.434326333568 -2.0 0.0 1.0 0.0 0.0 0.0
1.141295422 -0.435033259508 -2.0 0.0 1.0 0.0 0.0 0.0
1.141999999 -0.436721690954 -2.0 0.0 1.0 0.0 0.0 0.0
1.142999999 -0.439123931445 -2.0 0.0 1.0 0.0 0.0 0.0
1.143384021 -0.440048271876 -2.0 0.0 1.0 0.0 0.0 0.0
1.143999999 -0.441533047946 -2.0 0.0 1.0 0.0 0.0 0.0
1.144999999 -0.443949033263 -2.0 0.0 1.0 0.0 0.0 0.0
1.145460157 -0.445063073589 -2.0 0.0 1.0 0.0 0.0 0.0
1.145999999 -0.446371880101 -2.0 0.0 1.0 0.0 0.0 0.0
1.146999999 -0.448801581063 -2.0 0.0 1.0 0.0 0.0 0.0
1.147524078 -0.450077669505 -2.0 0.0 1.0 0.0 0.0 0.0
1.147999999 -0.45123812865 -2.0 0.0 1.0 0.0 0.0 0.0
1.148999999 -0.453681515263 -2.0 0.0 1.0 0.0 0.0 0.0
1.149576022 -0.455092063372 -2.0 0.0 1.0 0.0 0.0 0.0
1.149999999 -0.456131733201 -2.0 0.0 1.0 0.0 0.0 0.0
1.150999999 -0.458588774663 -2.0 0.0 1.0 0.0 0.0 0.0
1.151616225 -0.460106260029 -2.0 0.0 1.0 0.0 0.0 0.0
1.151999999 -0.461052631744 -2.0 0.0 1.0 0.0 0.0 0.0
1.152999999 -0.46352329644 -2.0 0.0 1.0 0.0 0.0 0.0
1.153644911 -0.465120263443 -2.0 0.0 1.0 0.0 0.0 0.0
1.153999999 -0.466000760646 -2.0 0.0 1.0 0.0 0.0 0.0
1.154999999 -0.468485016154 -2.0 0.0 1.0 0.0 0.0 0.0
1.155662301 -0.470134077563 -2.0 0.0 1.0 0.0 0.0 0.0
1.155999999 -0.470976054657 -2.0 0.0 1.0 0.0 0.0 0.0
1.156999999 -0.473473867744 -2.0 0.0 1.0 0.0 0.0 0.0
1.157668610 -0.475147706347 -2.0 0.0 1.0 0.0 0.0 0.0
1.157999999 -0.475978446905 -2.0 0.0 1.0 0.0 0.0 0.0
1.158999999 -0.478489783527 -2.0 0.0 1.0 0.0 0.0 0.0
1.159664045 -0.480161153621 -2.0 0.0 1.0 0.0 0.0 0.0
1.159999999 -0.481007868898 -2.0 0.0 1.0 0.0 0.0 0.0
1.160999999 -0.483532694203 -2.0 0.0 1.0 0.0 0.0 0.0
1.161648808 -0.485174422798 -2.0 0.0 1.0 0.0 0.0 0.0
1.161999999 -0.486064250525 -2.0 0.0 1.0 0.0 0.0 0.0
1.162999999 -0.488602528848 -2.0 0.0 1.0 0.0 0.0 0.0
1.163623097 -0.490187517674 -2.0 0.0 1.0 0.0 0.0 0.0
1.163999999 -0.491147520054 -2.0 0.0 1.0 0.0 0.0 0.0
1.164999999 -0.493699214922 -2.0 0.0 1.0 0.0 0.0 0.0
1.165587102 -0.495200441224 -2.0 0.0 1.0 0.0 0.0 0.0
1.165999999 -0.496257604133 -2.0 0.0 1.0 0.0 0.0 0.0
1.166999999 -0.498822678263 -2.0 0.0 1.0 0.0 0.0 0.0
1.167541011 -0.500213196844 -2.0 0.0 1.0 0.0 0.0 0.0
1.167999999 -0.501394427789 -2.0 0.0 1.0 0.0 0.0 0.0
1.168999999 -0.503972843087 -2.0 0.0 1.0 0.0 0.0 0.0
1.169485006 -0.505225788504 -2.0 0.0 1.0 0.0 0.0 0.0
1.169999999 -0.506557914431 -2.0 0.0 1.0 0.0 0.0 0.0
1.170999999 -0.509149631993 -2.0 0.0 1.0 0.0 0.0 0.0
1.171419262 -0.510238218101 -2.0 0.0 1.0 0.0 0.0 0.0
1.171999999 -0.511747985845 -2.0 0.0 1.0 0.0 0.0 0.0
1.172999999 -0.514352965958 -2.0 0.0 1.0 0.0 0.0 0.0
1.173343954 -0.515250489469 -2.0 0.0 1.0 0.0 0.0 0.0
1.173999999 -0.5169645622 -2.0 0.0 1.0 0.0 0.0 0.0
1.174999999 -0.51958276434 -2.0 0.0 1.0 0.0 0.0 0.0
1.175259248 -0.520262605594 -2.0 0.0 1.0 0.0 0.0 0.0
1.175999999 -0.522207562043 -2.0 0.0 1.0 0.0 0.0 0.0
1.176999999 -0.524838944875 -2.0 0.0 1.0 0.0 0.0 0.0
1.177165308 -0.525274569511 -2.0 0.0 1.0 0.0 0.0 0.0
1.177999999 -0.527476902301 -2.0 0.0 1.0 0.0 0.0 0.0
1.178999999 -0.530121423682 -2.0 0.0 1.0 0.0 0.0 0.0
1.179062295 -0.53028638319 -2.0 0.0 1.0 0.0 0.0 0.0
1.179999999 -0.532772498281 -2.0 0.0 1.0 0.0 0.0 0.0
1.180950365 -0.535298050377 -2.0 0.0 1.0 0.0 0.0 0.0
1.180999999 -0.535430115257 -2.0 0.0 1.0 0.0 0.0 0.0
1.181999999 -0.53809426367 -2.0 0.0 1.0 0.0 0.0 0.0
1.182829668 -0.540309572394 -2.0 0.0 1.0 0.0 0.0 0.0
1.182999999 -0.540764932477 -2.0 0.0 1.0 0.0 0.0 0.0
1.183999999 -0.543442110534 -2.0 0.0 1.0 0.0 0.0 0.0
1.184700353 -0.545320952348 -2.0 0.0 1.0 0.0 0.0 0.0
1.184999999 -0.546125786598 -2.0 0.0 1.0 0.0 0.0 0.0
1.185999999 -0.548815949322 -2.0 0.0 1.0 0.0 0.0 0.0
1.186562566 -0.550332192638 -2.0 0.0 1.0 0.0 0.0 0.0
1.186999999 -0.551512587258 -2.0 0.0 1.0 0.0 0.0 0.0
1.187999999 -0.554215688858 -2.0 0.0 1.0 0.0 0.0 0.0
1.188416448 -0.555343295796 -2.0 0.0 1.0 0.0 0.0 0.0
1.188999999 -0.556925242473 -2.0 0.0 1.0 0.0 0.0 0.0
1.189999999 -0.55964123635 -2.0 0.0 1.0 0.0 0.0 0.0
1.190262137 -0.56035426476 -2.0 0.0 1.0 0.0 0.0 0.0
1.190999999 -0.562363658638 -2.0 0.0 1.0 0.0 0.0 0.0
1.191999999 -0.565092497384 -2.0 0.0 1.0 0.0 0.0 0.0
1.192099768 -0.56536510049 -2.0 0.0 1.0 0.0 0.0 0.0
1.192999999 -0.567827740532 -2.0 0.0 1.0 0.0 0.0 0.0
1.193929472 -0.570375806504 -2.0 0.0 1.0 0.0 0.0 0.0
1.193999999 -0.570569375926 -2.0 0.0 1.0 0.0 0.0 0.0
1.194999999 -0.573317391309 -2.0 0.0 1.0 0.0 0.0 0.0
1.195751379 -0.5753863836 -2.0 0.0 1.0 0.0 0.0 0.0
1.195999999 -0.576071774322 -2.0 0.0 1.0 0.0 0.0 0.0
1.196999999 -0.578832512505 -2.0 0.0 1.0 0.0 0.0 0.0
1.197565614 -0.580396834851 -2.0 0.0 1.0 0.0 0.0 0.0
1.197999999 -0.581599593298 -2.0 0.0 1.0 0.0 0.0 0.0
1.198999999 -0.584373004037 -2.0 0.0 1.0 0.0 0.0 0.0
1.199372300 -0.585407161713 -2.0 0.0 1.0 0.0 0.0 0.0
1.199999999 -0.587152731959 -2.0 0.0 1.0 0.0 0.0 0.0
1.200999999 -0.5899387642 -2.0 0.0 1.0 0.0 0.0 0.0
1.201171559 -0.590417366357 -2.0 0.0 1.0 0.0 0.0 0.0
1.201999999 -0.592731087793 -2.0 0.0 1.0 0.0 0.0 0.0
1.202963507 -0.595427450911 -2.0 0.0 1.0 0.0 0.0 0.0
1.202999999 -0.59552968967 -2.0 0.0 1.0 0.0 0.0 0.0
1.203999999 -0.598334556663 -2.0 0.0 1.0 0.0 0.0 0.0
1.204748260 -0.600437416962 -2.0 0.0 1.0 0.0 0.0 0.0
1.204999999 -0.601145675502 -2.0 0.0 1.0 0.0 0.0 0.0
1.205999999 -0.603963032815 -2.0 0.0 1.0 0.0 0.0 0.0
1.206525930 -0.605447266326 -2.0 0.0 1.0 0.0 0.0 0.0
1.206999999 -0.606786615131 -2.0 0.0 1.0 0.0 0.0 0.0
1.207999999 -0.609616408876 -2.0 0.0 1.0 0.0 0.0 0.0
1.208296629 -0.610457001295 -2.0 0.0 1.0 0.0 0.0 0.0
1.208999999 -0.612452400374 -2.0 0.0 1.0 0.0 0.0 0.0
1.209999999 -0.615294575849 -2.0 0.0 1.0 0.0 0.0 0.0
1.210060463 -0.615466622922 -2.0 0.0 1.0 0.0 0.0 0.0
1.210999999 -0.618142921424 -2.0 0.0 1.0 0.0 0.0 0.0
1.211817540 -0.620476133244 -2.0 0.0 1.0 0.0 0.0 0.0
1.211999999 -0.62099742312 -2.0 0.0 1.0 0.0 0.0 0.0
1.212999999 -0.623858066857 -2.0 0.0 1.0 0.0 0.0 0.0
1.213567962 -0.625485533575 -2.0 0.0 1.0 0.0 0.0 0.0
1.213999999 -0.626724838454 -2.0 0.0 1.0 0.0 0.0 0.0
1.214999999 -0.629597723628 -2.0 0.0 1.0 0.0 0.0 0.0
1.215311830 -0.63049482573 -2.0 0.0 1.0 0.0 0.0 0.0
1.215999999 -0.632476707995 -2.0 0.0 1.0 0.0 0.0 0.0
1.216999999 -0.635361777071 -2.0 0.0 1.0 0.0 0.0 0.0
1.217049245 -0.635504011305 -2.0 0.0 1.0 0.0 0.0 0.0
1.217999999 -0.638252916269 -2.0 0.0 1.0 0.0 0.0 0.0
1.218780304 -0.640513091924 -2.0 0.0 1.0 0.0 0.0 0.0
1.218999999 -0.641150110901 -2.0 0.0 1.0 0.0 0.0 0.0
1.219999999 -0.644053346179 -2.0 0.0 1.0 0.0 0.0 0.0
1.220505102 -0.645522068544 -2.0 0.0 1.0 0.0 0.0 0.0
1.220999999 -0.646962607212 -2.0 0.0 1.0 0.0 0.0 0.0
1.221999999 -0.64987787901 -2.0 0.0 1.0 0.0 0.0 0.0
1.222223733 -0.650530943333 -2.0 0.0 1.0 0.0 0.0 0.0
1.222999999 -0.65279914648 -2.0 0.0 1.0 0.0 0.0 0.0
1.223936288 -0.655539717574 -2.0 0.0 1.0 0.0 0.0 0.0
1.223999999 -0.655726394427 -2.0 0.0 1.0 0.0 0.0 0.0
1.224999999 -0.658659607556 -2.0 0.0 1.0 0.0 0.0 0.0
1.225642858 -0.660548392375 -2.0 0.0 1.0 0.0 0.0 0.0
1.225999999 -0.661598770473 -2.0 0.0 1.0 0.0 0.0 0.0
1.226999999 -0.664543867677 -2.0 0.0 1.0 0.0 0.0 0.0
1.227343531 -0.665556969137 -2.0 0.0 1.0 0.0 0.0 0.0
1.227999999 -0.667494883572 -2.0 0.0 1.0 0.0 0.0 0.0
1.228999999 -0.670451802456 -2.0 0.0 1.0 0.0 0.0 0.0
1.229038394 -0.670565448872 -2.0 0.0 1.0 0.0 0.0 0.0
1.229999999 -0.673414608528 -2.0 0.0 1.0 0.0 0.0 0.0
1.230727531 -0.675573833787 -2.0 0.0 1.0 0.0 0.0 0.0
1.230999999 -0.676383285886 -2.0 0.0 1.0 0.0 0.0 0.0
1.231999999 -0.679357818526 -2.0 0.0 1.0 0.0 0.0 0.0
1.232411026 -0.680582124366 -2.0 0.0 1.0 0.0 0.0 0.0
1.232999999 -0.682338190342 -2.0 0.0 1.0 0.0 0.0 0.0
1.233999999 -0.685324385128 -2.0 0.0 1.0 0.0 0.0 0.0
1.234088961 -0.68559032185 -2.0 0.0 1.0 0.0 0.0 0.0
1.234999999 -0.688316386577 -2.0 0.0 1.0 0.0 0.0 0.0
1.235761415 -0.690598427562 -2.0 0.0 1.0 0.0 0.0 0.0
1.235999999 -0.691314178278 -2.0 0.0 1.0 0.0 0.0 0.0
1.236999999 -0.694317743723 -2.0 0.0 1.0 0.0 0.0 0.0
1.237428469 -0.69560644269 -2.0 0.0 1.0 0.0 0.0 0.0
1.237999999 -0.6973270663 -2.0 0.0 1.0 0.0 0.0 0.0
1.238999999 -0.700342129296 -2.0 0.0 1.0 0.0 0.0 0.0
1.239090199 -0.70061436765 -2.0 0.0 1.0 0.0 0.0 0.0
1.239999999 -0.703362915896 -2.0 0.0 1.0 0.0 0.0 0.0
1.240746681 -0.705622204683 -2.0 0.0 1.0 0.0 0.0 0.0
1.240999999 -0.706389409187 -2.0 0.0 1.0 0.0 0.0 0.0
1.241999999 -0.70942159215 -2.0 0.0 1.0 0.0 0.0 0.0
1.242397991 -0.710629954617 -2.0 0.0 1.0 0.0 0.0 0.0
1.242999999 -0.712459447669 -2.0 0.0 1.0 0.0 0.0 0.0
1.243999999 -0.715502958525 -2.0 0.0 1.0 0.0 0.0 0.0
1.244044202 -0.715637618173 -2.0 0.0 1.0 0.0 0.0 0.0
1.244999999 -0.718552107397 -2.0 0.0 1.0 0.0 0.0 0.0
1.245685385 -0.720645196605 -2.0 0.0 1.0 0.0 0.0 0.0
1.245999999 -0.721606876863 -2.0 0.0 1.0 0.0 0.0 0.0
1.246999999 -0.724667249401 -2.0 0.0 1.0 0.0 0.0 0.0
1.247321612 -0.725652691063 -2.0 0.0 1.0 0.0 0.0 0.0
1.247999999 -0.727733207387 -2.0 0.0 1.0 0.0 0.0 0.0
1.248952952 -0.730660102391 -2.0 0.0 1.0 0.0 0.0 0.0
1.248999999 -0.730804733096 -2.0 0.0 1.0 0.0 0.0 0.0
1.249999999 -0.733881808701 -2.0 0.0 1.0 0.0 0.0 0.0
1.250579475 -0.735667431343 -2.0 0.0 1.0 0.0 0.0 0.0
1.250999999 -0.736964416273 -2.0 0.0 1.0 0.0 0.0 0.0
1.251999999 -0.740052537785 -2.0 0.0 1.0 0.0 0.0 0.0
1.252201247 -0.740674679204 -2.0 0.0 1.0 0.0 0.0 0.0
1.252999999 -0.743146155105 -2.0 0.0 1.0 0.0 0.0 0.0
1.253818335 -0.745681846765 -2.0 0.0 1.0 0.0 0.0 0.0
1.253999999 -0.746245250003 -2.0 0.0 1.0 0.0 0.0 0.0
1.254999999 -0.749349804145 -2.0 0.0 1.0 0.0 0.0 0.0
1.255430803 -0.750688934327 -2.0 0.0 1.0 0.0 0.0 0.0
1.255999999 -0.752459799097 -2.0 0.0 1.0 0.0 0.0 0.0
1.256999999 -0.755575216323 -2.0 0.0 1.0 0.0 0.0 0.0
1.257038716 -0.755695943543 -2.0 0.0 1.0 0.0 0.0 0.0
1.257999999 -0.758696037188 -2.0 0.0 1.0 0.0 0.0 0.0
1.258642138 -0.760702875175 -2.0 0.0 1.0 0.0 0.0 0.0
1.258999999 -0.761822242953 -2.0 0.0 1.0 0.0 0.0 0.0
1.259999999 -0.764953814779 -2.0 0.0 1.0 0.0 0.0 0.0
1.260241129 -0.765709729719 -2.0 0.0 1.0 0.0 0.0 0.0
1.260999999 -0.768090733726 -2.0 0.0 1.0 0.0 0.0 0.0
1.261835752 -0.770716508802 -2.0 0.0 1.0 0.0 0.0 0.0
1.261999999 -0.771232980752 -2.0 0.0 1.0 0.0 0.0 0.0
1.262999999 -0.774380536714 -2.0 0.0 1.0 0.0 0.0 0.0
1.263426066 -0.775723212592 -2.0 0.0 1.0 0.0 0.0 0.0
1.263999999 -0.777533382368 -2.0 0.0 1.0 0.0 0.0 0.0
1.264999999 -0.780691498368 -2.0 0.0 1.0 0.0 0.0 0.0
1.265012131 -0.780729841795 -2.0 0.0 1.0 0.0 0.0 0.0
1.265999999 -0.783854865269 -2.0 0.0 1.0 0.0 0.0 0.0
1.266594004 -0.785736397848 -2.0 0.0 1.0 0.0 0.0 0.0
1.266999999 -0.787023463521 -2.0 0.0 1.0 0.0 0.0 0.0
1.267999999 -0.790197273476 -2.0 0.0 1.0 0.0 0.0 0.0
1.268171744 -0.790742880951 -2.0 0.0 1.0 0.0 0.0 0.0
1.268999999 -0.793376275382 -2.0 0.0 1.0 0.0 0.0 0.0
1.269745407 -0.795749291845 -2.0 0.0 1.0 0.0 0.0 0.0
1.269999999 -0.79656044939 -2.0 0.0 1.0 0.0 0.0 0.0
1.270999999 -0.799749775545 -2.0 0.0 1.0 0.0 0.0 0.0
1.271315048 -0.800755631221 -2.0 0.0 1.0 0.0 0.0 0.0
1.271999999 -0.802944233793 -2.0 0.0 1.0 0.0 0.0 0.0
1.272880722 -0.805761899917 -2.0 0.0 1.0 0.0 0.0 0.0
1.272999999 -0.806143803978 -2.0 0.0 1.0 0.0 0.0 0.0
1.273999999 -0.809348465845 -2.0 0.0 1.0 0.0 0.0 0.0
1.274442484 -0.810768098722 -2.0 0.0 1.0 0.0 0.0 0.0
1.274999999 -0.812558199035 -2.0 0.0 1.0 0.0 0.0 0.0
1.275999999 -0.815772983088 -2.0 0.0 1.0 0.0 0.0 0.0
1.276000387 -0.815774228388 -2.0 0.0 1.0 0.0 0.0 0.0
1.276999999 -0.818992797444 -2.0 0.0 1.0 0.0 0.0 0.0
1.277554482 -0.820780289432 -2.0 0.0 1.0 0.0 0.0 0.0
1.277999999 -0.822217621442 -2.0 0.0 1.0 0.0 0.0 0.0
1.278999999 -0.825447434318 -2.0 0.0 1.0 0.0 0.0 0.0
1.279104823 -0.825786282529 -2.0 0.0 1.0 0.0 0.0 0.0
1.279999999 -0.828682215208 -2.0 0.0 1.0 0.0 0.0 0.0
1.280651460 -0.830792208502 -2.0 0.0 1.0 0.0 0.0 0.0
1.280999999 -0.831921943147 -2.0 0.0 1.0 0.0 0.0 0.0
1.281999999 -0.835166597067 -2.0 0.0 1.0 0.0 0.0 0.0
1.282194442 -0.835798067023 -2.0 0.0 1.0 0.0 0.0 0.0
1.282999999 -0.838416155801 -2.0 0.0 1.0 0.0 0.0 0.0
1.283733821 -0.840803859971 -2.0 0.0 1.0 0.0 0.0 0.0
1.283999999 -0.841670598078 -2.0 0.0 1.0 0.0 0.0 0.0
1.284999999 -0.84492990253 -2.0 0.0 1.0 0.0 0.0 0.0
1.285269645 -0.845809587702 -2.0 0.0 1.0 0.0 0.0 0.0
1.285999999 -0.848194047683 -2.0 0.0 1.0 0.0 0.0 0.0
1.286801961 -0.850815249997 -2.0 0.0 1.0 0.0 0.0 0.0
1.286999999 -0.851463011965 -2.0 0.0 1.0 0.0 0.0 0.0
1.287999999 -0.8547367737 -2.0 0.0 1.0 0.0 0.0 0.0
1.288330818 -0.855820848269 -2.0 0.0 1.0 0.0 0.0 0.0
1.288999999 -0.858015311115 -2.0 0.0 1.0 0.0 0.0 0.0
1.289856263 -0.860826382802 -2.0 0.0 1.0 0.0 0.0 0.0
1.289999999 -0.861298602331 -2.0 0.0 1.0 0.0 0.0 0.0
1.290999999 -0.864586625371 -2.0 0.0 1.0 0.0 0.0 0.0
1.291378342 -0.865831853683 -2.0 0.0 1.0 0.0 0.0 0.0
1.291999999 -0.867879358155 -2.0 0.0 1.0 0.0 0.0 0.0
1.292897101 -0.870837262064 -2.0 0.0 1.0 0.0 0.0 0.0
1.292999999 -0.871176778503 -2.0 0.0 1.0 0.0 0.0 0.0
1.293999999 -0.874478864132 -2.0 0.0 1.0 0.0 0.0 0.0
1.294412584 -0.875842608354 -2.0 0.0 1.0 0.0 0.0 0.0
1.294999999 -0.87778559266 -2.0 0.0 1.0 0.0 0.0 0.0
1.295924837 -0.880847892945 -2.0 0.0 1.0 0.0 0.0 0.0
1.295999999 -0.881096941601 -2.0 0.0 1.0 0.0 0.0 0.0
1.296999999 -0.884412888371 -2.0 0.0 1.0 0.0 0.0 0.0
1.297433904 -0.885853116213 -2.0 0.0 1.0 0.0 0.0 0.0
1.297999999 -0.887733410282 -2.0 0.0 1.0 0.0 0.0 0.0
1.298939827 -0.890858279233 -2.0 0.0 1.0 0.0 0.0 0.0
1.298999999 -0.891058484546 -2.0 0.0 1.0 0.0 0.0 0.0
1.299999999 -0.894388088274 -2.0 0.0 1.0 0.0 0.0 0.0
1.300442651 -0.895863381999 -2.0 0.0 1.0 0.0 0.0 0.0
1.300999999 -0.897722198475 -2.0 0.0 1.0 0.0 0.0 0.0
1.301942417 -0.900868425023 -2.0 0.0 1.0 0.0 0.0 0.0
1.301999999 -0.901060792057 -2.0 0.0 1.0 0.0 0.0 0.0
1.302999999 -0.904403845827 -2.0 0.0 1.0 0.0 0.0 0.0
1.303439167 -0.905873408633 -2.0 0.0 1.0 0.0 0.0 0.0
1.303999999 -0.907751336489 -2.0 0.0 1.0 0.0 0.0 0.0
1.304932942 -0.910878333671 -2.0 0.0 1.0 0.0 0.0 0.0
1.304999999 -0.91110324065 -2.0 0.0 1.0 0.0 0.0 0.0
1.305999999 -0.91445953481 -2.0 0.0 1.0 0.0 0.0 0.0
1.306423784 -0.915883200271 -2.0 0.0 1.0 0.0 0.0 0.0
1.306999999 -0.917820195373 -2.0 0.0 1.0 0.0 0.0 0.0
1.307911733 -0.920888008908 -2.0 0.0 1.0 0.0 0.0 0.0
1.307999999 -0.921185198638 -2.0 0.0 1.0 0.0 0.0 0.0
1.308999999 -0.924554520806 -2.0 0.0 1.0 0.0 0.0 0.0
1.309396829 -0.925892760221 -2.0 0.0 1.0 0.0 0.0 0.0
1.309999999 -0.927928137973 -2.0 0.0 1.0 0.0 0.0 0.0
1.310879112 -0.9308974545 -2.0 0.0 1.0 0.0 0.0 0.0
1.310999999 -0.931306026136 -2.0 0.0 1.0 0.0 0.0 0.0
1.311999999 -0.934688161191 -2.0 0.0 1.0 0.0 0.0 0.0
1.312358619 -0.935902092027 -2.0 0.0 1.0 0.0 0.0 0.0
1.312999999 -0.938074518933 -2.0 0.0 1.0 0.0 0.0 0.0
1.313835391 -0.940906673596 -2.0 0.0 1.0 0.0 0.0 0.0
1.313999999 -0.941465075053 -2.0 0.0 1.0 0.0 0.0 0.0
1.314999999 -0.944859805145 -2.0 0.0 1.0 0.0 0.0 0.0
1.315309465 -0.945911199141 -2.0 0.0 1.0 0.0 0.0 0.0
1.315999999 -0.948258684697 -2.0 0.0 1.0 0.0 0.0 0.0
1.316780879 -0.950915669108 -2.0 0.0 1.0 0.0 0.0 0.0
1.316999999 -0.951661689099 -2.0 0.0 1.0 0.0 0.0 0.0
1.317999999 -0.95506879364 -2.0 0.0 1.0 0.0 0.0 0.0
1.318249670 -0.955920083768 -2.0 0.0 1.0 0.0 0.0 0.0
1.318999999 -0.958479973505 -2.0 0.0 1.0 0.0 0.0 0.0
1.319715875 -0.960924443732 -2.0 0.0 1.0 0.0 0.0 0.0
1.319999999 -0.961895203781 -2.0 0.0 1.0 0.0 0.0 0.0
1.320999999 -0.96531445945 -2.0 0.0 1.0 0.0 0.0 0.0
1.321179531 -0.96592874927 -2.0 0.0 1.0 0.0 0.0 0.0
1.321999999 -0.968737715397 -2.0 0.0 1.0 0.0 0.0 0.0
1.322640675 -0.970933000986 -2.0 0.0 1.0 0.0 0.0 0.0
1.322999999 -0.972164946402 -2.0 0.0 1.0 0.0 0.0 0.0
1.323999999 -0.975596127147 -2.0 0.0 1.0 0.0 0.0 0.0
1.324099341 -0.975937198985 -2.0 0.0 1.0 0.0 0.0 0.0
1.324999999 -0.979031232209 -2.0 0.0 1.0 0.0 0.0 0.0
1.325555565 -0.980941343539 -2.0 0.0 1.0 0.0 0.0 0.0
1.325999999 -0.982470236067 -2.0 0.0 1.0 0.0 0.0 0.0
1.326999999 -0.985913113098 -2.0 0.0 1.0 0.0 0.0 0.0
1.327009382 -0.985945434592 -2.0 0.0 1.0 0.0 0.0 0.0
1.327999999 -0.989359837577 -2.0 0.0 1.0 0.0 0.0 0.0
1.328460828 -0.990949473246 -2.0 0.0 1.0 0.0 0.0 0.0
1.328999999 -0.992810383677 -2.0 0.0 1.0 0.0 0.0 0.0
1.329909936 -0.995953459284 -2.0 0.0 1.0 0.0 0.0 0.0
1.329999999 -0.996264725472 -2.0 0.0 1.0 0.0 0.0 0.0
1.330999999 -0.999722836934 -2.0 0.0 1.0 0.0 0.0 0.0
1.331356740 -1.00095739348 -2.0 0.0 1.0 0.0 0.0 0.0
1.331999999 -1.00318469193 -2.0 0.0 1.0 0.0 0.0 0.0
1.332801275 -1.00596127595 -2.0 0.0 1.0 0.0 0.0 0.0
1.332999999 -1.00665026423 -2.0 0.0 1.0 0.0 0.0 0.0
1.333999999 -1.01011952751 -2.0 0.0 1.0 0.0 0.0 0.0
1.334243574 -1.01096510667 -2.0 0.0 1.0 0.0 0.0 0.0
1.334999999 -1.01359245533 -2.0 0.0 1.0 0.0 0.0 0.0
1.335683669 -1.01596888607 -2.0 0.0 1.0 0.0 0.0 0.0
1.335999999 -1.01706902115 -2.0 0.0 1.0 0.0 0.0 0.0
1.336999999 -1.02054919834 -2.0 0.0 1.0 0.0 0.0 0.0
1.337121594 -1.02097261446 -2.0 0.0 1.0 0.0 0.0 0.0
1.337999999 -1.02403296016 -2.0 0.0 1.0 0.0 0.0 0.0
1.338557381 -1.02597629182 -2.0 0.0 1.0 0.0 0.0 0.0
1.338999999 -1.02752027977 -2.0 0.0 1.0 0.0 0.0 0.0
1.339991063 -1.03097991908 -2.0 0.0 1.0 0.0 0.0 0.0
1.339999999 -1.03101113024 -2.0 0.0 1.0 0.0 0.0 0.0
1.340999999 -1.03450548452 -2.0 0.0 1.0 0.0 0.0 0.0
1.341422671 -1.03598349608 -2.0 0.0 1.0 0.0 0.0 0.0
1.341999999 -1.03800331547 -2.0 0.0 1.0 0.0 0.0 0.0
1.342852237 -1.04098702297 -2.0 0.0 1.0 0.0 0.0 0.0
1.342999999 -1.04150459585 -2.0 0.0 1.0 0.0 0.0 0.0
1.343999999 -1.04500929831 -2.0 0.0 1.0 0.0 0.0 0.0
1.344279793 -1.04599050007 -2.0 0.0 1.0 0.0 0.0 0.0
1.344999999 -1.0485173954 -2.0 0.0 1.0 0.0 0.0 0.0
1.345705369 -1.05099392768 -2.0 0.0 1.0 0.0 0.0 0.0
1.345999999 -1.05202885958 -2.0 0.0 1.0 0.0 0.0 0.0
1.346999999 -1.0555436632 -2.0 0.0 1.0 0.0 0.0 0.0
1.347128997 -1.055997306 -2.0 0.0 1.0 0.0 0.0 0.0
1.347999999 -1.05906177852 -2.0 0.0 1.0 0.0 0.0 0.0
1.348550707 -1.06100063533 -2.0 0.0 1.0 0.0 0.0 0.0
1.348999999 -1.06258317766 -2.0 0.0 1.0 0.0 0.0 0.0
1.349970530 -1.06600391539 -2.0 0.0 1.0 0.0 0.0 0.0
1.349999999 -1.0661078327 -2.0 0.0 1.0 0.0 0.0 0.0
1.350999999 -1.06963571557 -2.0 0.0 1.0 0.0 0.0 0.0
1.351388495 -1.07100714683 -2.0 0.0 1.0 0.0 0.0 0.0
1.351999999 -1.07316679812 -2.0 0.0 1.0 0.0 0.0 0.0
1.352804633 -1.07601033031 -2.0 0.0 1.0 0.0 0.0 0.0
1.352999999 -1.07670105208 -2.0 0.0 1.0 0.0 0.0 0.0
1.353999999 -1.08023844912 -2.0 0.0 1.0 0.0 0.0 0.0
1.354218974 -1.08101346556 -2.0 0.0 1.0 0.0 0.0 0.0
1.354999999 -1.08377896075 -2.0 0.0 1.0 0.0 0.0 0.0
1.355631547 -1.08601655276 -2.0 0.0 1.0 0.0 0.0 0.0
1.355999999 -1.08732255844 -2.0 0.0 1.0 0.0 0.0 0.0
1.356999999 -1.0908692135 -2.0 0.0 1.0 0.0 0.0 0.0
1.357042381 -1.09101959181 -2.0 0.0 1.0 0.0 0.0 0.0
1.357999999 -1.09441889719 -2.0 0.0 1.0 0.0 0.0 0.0
1.358451505 -1.09602258338 -2.0 0.0 1.0 0.0 0.0 0.0
1.358999999 -1.09797158064 -2.0 0.0 1.0 0.0 0.0 0.0
1.359858949 -1.10102552752 -2.0 0.0 1.0 0.0 0.0 0.0
1.359999999 -1.10152723488 -2.0 0.0 1.0 0.0 0.0 0.0
1.360999999 -1.10508583085 -2.0 0.0 1.0 0.0 0.0 0.0
1.361264740 -1.106028424 -2.0 0.0 1.0 0.0 0.0 0.0
1.361999999 -1.10864733938 -2.0 0.0 1.0 0.0 0.0 0.0
1.362668908 -1.11103127348 -2.0 0.0 1.0 0.0 0.0 0.0
1.362999999 -1.1122117312 -2.0 0.0 1.0 0.0 0.0 0.0
1.363999999 -1.11577897694 -2.0 0.0 1.0 0.0 0.0 0.0
1.364071481 -1.11603407604 -2.0 0.0 1.0 0.0 0.0 0.0
1.364999999 -1.11934904713 -2.0 0.0 1.0 0.0 0.0 0.0
1.365472486 -1.12103683143 -2.0 0.0 1.0 0.0 0.0 0.0
1.365999999 -1.12292191219 -2.0 0.0 1.0 0.0 0.0 0.0
1.366871952 -1.12603954006 -2.0 0.0 1.0 0.0 0.0 0.0
1.366999999 -1.12649754247 -2.0 0.0 1.0 0.0 0.0 0.0
1.367999999 -1.13007590816 -2.0 0.0 1.0 0.0 0.0 0.0
1.368269907 -1.13104220213 -2.0 0.0 1.0 0.0 0.0 0.0
1.368999999 -1.13365697941 -2.0 0.0 1.0 0.0 0.0 0.0
1.369666379 -1.1360448179 -2.0 0.0 1.0 0.0 0.0 0.0
1.369999999 -1.13724072624 -2.0 0.0 1.0 0.0 0.0 0.0
1.370999999 -1.14082711856 -2.0 0.0 1.0 0.0 0.0 0.0
1.371061394 -1.14104738729 -2.0 0.0 1.0 0.0 0.0 0.0
1.371999999 -1.1444161262 -2.0 0.0 1.0 0.0 0.0 0.0
1.372454980 -1.14604991053 -2.0 0.0 1.0 0.0 0.0 0.0
1.372999999 -1.14800771887 -2.0 0.0 1.0 0.0 0.0 0.0
1.373847164 -1.15105238802 -2.0 0.0 1.0 0.0 0.0 0.0
1.373999999 -1.15160186619 -2.0 0.0 1.0 0.0 0.0 0.0
1.374999999 -1.15519853769 -2.0 0.0 1.0 0.0 0.0 0.0
1.375237973 -1.15605481924 -2.0 0.0 1.0 0.0 0.0 0.0
1.375999999 -1.15879770276 -2.0 0.0 1.0 0.0 0.0 0.0
1.376627435 -1.16105720474 -2.0 0.0 1.0 0.0 0.0 0.0
1.376999999 -1.16239933073 -2.0 0.0 1.0 0.0 0.0 0.0
1.377999999 -1.16600339081 -2.0 0.0 1.0 0.0 0.0 0.0
1.378015575 -1.1660595449 -2.0 0.0 1.0 0.0 0.0 0.0
1.378999999 -1.16960985211 -2.0 0.0 1.0 0.0 0.0 0.0
1.379402421 -1.17106183936 -2.0 0.0 1.0 0.0 0.0 0.0
1.379999999 -1.17321868364 -2.0 0.0 1.0 0.0 0.0 0.0
1.380787998 -1.17606408791 -2.0 0.0 1.0 0.0 0.0 0.0
1.380999999 -1.17682985431 -2.0 0.0 1.0 0.0 0.0 0.0
1.381999999 -1.18044333293 -2.0 0.0 1.0 0.0 0.0 0.0
1.382172334 -1.18106629138 -2.0 0.0 1.0 0.0 0.0 0.0
1.382999999 -1.1840590882 -2.0 0.0 1.0 0.0 0.0 0.0
1.383555454 -1.18606844912 -2.0 0.0 1.0 0.0 0.0 0.0
1.383999999 -1.18767708872 -2.0 0.0 1.0 0.0 0.0 0.0
1.384937385 -1.19107056181 -2.0 0.0 1.0 0.0 0.0 0.0
1.384999999 -1.19129730301 -2.0 0.0 1.0 0.0 0.0 0.0
1.385999999 -1.19491969946 -2.0 0.0 1.0 0.0 0.0 0.0
1.386318153 -1.19607262952 -2.0 0.0 1.0 0.0 0.0 0.0
1.386999999 -1.19854424637 -2.0 0.0 1.0 0.0 0.0 0.0
1.387697783 -1.20107465159 -2.0 0.0 1.0 0.0 0.0 0.0
1.387999999 -1.20217091195 -2.0 0.0 1.0 0.0 0.0 0.0
1.388999999 -1.20579966428 -2.0 0.0 1.0 0.0 0.0 0.0
1.389076301 -1.20607662899 -2.0 0.0 1.0 0.0 0.0 0.0
1.389999999 -1.20943047138 -2.0 0.0 1.0 0.0 0.0 0.0
1.390453734 -1.21107856118 -2.0 0.0 1.0 0.0 0.0 0.0
1.390999999 -1.21306330114 -2.0 0.0 1.0 0.0 0.0 0.0
1.391830106 -1.21608044852 -2.0 0.0 1.0 0.0 0.0 0.0
1.391999999 -1.21669812134 -2.0 0.0 1.0 0.0 0.0 0.0
1.392999999 -1.22033489969 -2.0 0.0 1.0 0.0 0.0 0.0
1.393205443 -1.22108229079 -2.0 0.0 1.0 0.0 0.0 0.0
1.393999999 -1.22397360378 -2.0 0.0 1.0 0.0 0.0 0.0
1.394579771 -1.22608408831 -2.0 0.0 1.0 0.0 0.0 0.0
1.394999999 -1.22761420109 -2.0 0.0 1.0 0.0 0.0 0.0
1.395953115 -1.23108584144 -2.0 0.0 1.0 0.0 0.0 0.0
1.395999999 -1.23125665902 -2.0 0.0 1.0 0.0 0.0 0.0
1.396999999 -1.23490094486 -2.0 0.0 1.0 0.0 0.0 0.0
1.397325500 -1.23608754932 -2.0 0.0 1.0 0.0 0.0 0.0
1.397999999 -1.23854702579 -2.0 0.0 1.0 0.0 0.0 0.0
1.398696951 -1.24108921226 -2.0 0.0 1.0 0.0 0.0 0.0
1.398999999 -1.2421948689 -2.0 0.0 1.0 0.0 0.0 0.0
1.399999999 -1.24584444117 -2.0 0.0 1.0 0.0 0.0 0.0
